32767,
-12307,
-23870,
29336,
4011,
-32107,
15976,
22776,
-28898,
-7424,
32761,
-8108,
-29268,
20278,
21554,
-27976,
-12539,
31723,
4211,
-32761,
2410,
32389,
-6983,
-31647,
9512,
31191,
-10087,
-31312,
8739,
31937,
-5404,
-32633,
0,
32584,
7375,
-30625,
-16151,
25425,
24942,
-15931,
-31356,
2159,
32250,
13873,
-24811,
-27602,
8546,
32714,
12539,
-24109,
-29358,
2561,
31113,
21893,
-13094,
-32750,
-15446,
18662,
32545,
12400,
-20159,
-32502,
-13462,
17994,
32767,
18413,
-11605,
-31620,
-25832,
151,
25708,
32025,
15446,
-11558,
-30498,
-29556,
-10278,
14867,
31050,
29728,
12539,
-10802,
-28410,
-32258,
-21403,
-1457,
18703,
31034,
31356,
20357,
2611,
-15580,
-28510,
-32753,
-27790,
-15668,
0,
15225,
26673,
32309,
31580,
25233,
14912,
2661,
-9512,
-19961,
-27575,
-31821,
-32678,
-30516,
-25954,
-19720,
-12539,
-5057,
2210,
8885,
14732,
19640,
23592,
26645,
28898,
30480,
31526,
32167,
32521,
32689,
32752,
32766,
32767,
32766,
32752,
32689,
32521,
32166,
31526,
30480,
28898,
26644,
23592,
19640,
14732,
8885,
2210,
-5056,
-12539,
-19721,
-25954,
-30517,
-32678,
-31821,
-27575,
-19960,
-9512,
2661,
14912,
25233,
31580,
32310,
26673,
15224,
0,
-15668,
-27790,
-32753,
-28510,
-15579,
2611,
20356,
31356,
31034,
18703,
-1457,
-21403,
-32259,
-28410,
-10802,
12539,
29728,
31050,
14867,
-10278,
-29557,
-30498,
-11557,
15446,
32025,
25708,
151,
-25832,
-31620,
-11605,
18413,
32767,
17995,
-13462,
-32502,
-20159,
12400,
32545,
18661,
-15446,
-32750,
-13094,
21893,
31113,
2561,
-29358,
-24109,
12539,
32714,
8546,
-27602,
-24811,
13873,
32250,
2159,
-31356,
-15931,
24942,
25425,
-16151,
-30625,
7375,
32584,
0,
-32633,
-5404,
31938,
8739,
-31312,
-10087,
31191,
9512,
-31646,
-6983,
32390,
2410,
-32761,
4211,
31723,
-12539,
-27975,
21554,
20278,
-29268,
-8108,
32761,
-7425,
-28898,
22776,
15976,
-32108,
4011,
29335,
-23870,
-12306,
32767,
-12772,
-22449,
31066,
-4011,
-27329,
28609,
552,
-28898,
27817,
603,
-28182,
29268,
-3861,
-24679,
31846,
-12539,
-16629,
32495,
-23628,
-2410,
26408,
-32014,
16369,
9512,
-29155,
31176,
-15314,
-8739,
27764,
-32319,
20981,
0,
-20592,
31926,
-29895,
16151,
3362,
-21250,
31512,
-31356,
21592,
-5800,
-11180,
24811,
-32003,
31633,
-24446,
12539,
1357,
-14553,
24910,
-31113,
32720,
-30036,
23904,
-15446,
5849,
3812,
-12678,
20159,
-25925,
29874,
-32087,
32767,
-32185,
30643,
-28435,
25832,
-23063,
20318,
-17742,
15446,
-13508,
11981,
-10897,
10278,
-10135,
10469,
-11275,
12539,
-14237,
16326,
-18744,
21403,
-24177,
26905,
-29380,
31356,
-32550,
32663,
-31400,
28510,
-23835,
17360,
-9271,
0,
9752,
-19031,
26703,
-31580,
32624,
-29177,
21211,
-9512,
-4261,
17700,
-28027,
32678,
-30016,
20001,
-4559,
-12539,
26467,
-32692,
28585,
-14732,
-4659,
22739,
-32326,
28898,
-13048,
-8933,
27161,
-32521,
21516,
1006,
-23347,
32767,
-22992,
-1006,
24713,
-32521,
18329,
8933,
-30057,
28898,
-5354,
-22739,
32434,
-14732,
-16020,
32692,
-19317,
-12539,
32448,
-20001,
-13140,
32678,
-16975,
-17700,
32489,
-9512,
-24975,
29177,
3062,
-31580,
18990,
19031,
-31282,
0,
31429,
-17360,
-22485,
28510,
9367,
-32663,
3762,
31356,
-14508,
-26905,
22116,
21403,
-26876,
-16326,
29512,
12539,
-30766,
-10469,
31160,
10278,
-30902,
-11981,
29853,
15446,
-27548,
-20318,
23276,
25832,
-16282,
-30643,
6146,
32767,
6639,
-29874,
-20040,
20159,
30215,
-3812,
-32241,
-15446,
22412,
30036,
-1759,
-31113,
-21288,
14553,
32739,
12539,
-21818,
-31633,
-7032,
24811,
30801,
5800,
-24646,
-31356,
-8982,
21250,
32595,
16151,
-13416,
-31926,
-25488,
0,
25169,
32319,
17402,
-8739,
-28969,
-31176,
-14957,
9512,
28386,
32014,
19397,
-2410,
-22703,
-32495,
-28234,
-12539,
7718,
24679,
32538,
29268,
16717,
-603,
-17317,
-28898,
-32762,
-28609,
-18079,
-4011,
10422,
22449,
30176,
32767,
30368,
23870,
14598,
4011,
-6540,
-15976,
-23557,
-28898,
-31914,
-32761,
-31748,
-29268,
-25738,
-21554,
-17061,
-12539,
-8206,
-4211,
-654,
2410,
4957,
6983,
8497,
9512,
10040,
10087,
9657,
8739,
7327,
5404,
2961,
0,
-3461,
-7375,
-11652,
-16151,
-20671,
-24942,
-28633,
-31356,
-32695,
-32250,
-29686,
-24811,
-17657,
-8546,
1859,
12539,
22191,
29358,
32667,
31113,
24380,
13094,
-1055,
-15446,
-26934,
-32545,
-30331,
-20159,
-4161,
13462,
27384,
32767,
27105,
11605,
-8594,
-25832,
-32767,
-25708,
-6933,
15446,
30661,
30498,
14146,
-10278,
-29200,
-31050,
-13782,
12539,
30935,
28410,
5750,
-21403,
-32734,
-18703,
10517,
31356,
25677,
-2611,
-28826,
-28510,
-955,
27790,
28779,
0,
-29015,
-26673,
5453,
31580,
20904,
-14912,
-32658,
-9512,
25985,
27575,
-7815,
-32678,
-11933,
25954,
26168,
-12539,
-32374,
-2210,
31540,
14732,
-26229,
-23592,
19072,
28898,
-12027,
-31526,
6245,
32521,
-2260,
-32752,
251,
32767,
-251,
-32752,
2261,
32521,
-6245,
-31526,
12027,
28898,
-19073,
-23592,
26228,
14732,
-31540,
-2210,
32374,
-12539,
-26169,
25954,
11933,
-32678,
7816,
27575,
-25985,
-9512,
32658,
-14912,
-20904,
31580,
-5453,
-26673,
29016,
0,
-28778,
27790,
955,
-28510,
28826,
-2611,
-25676,
31356,
-10516,
-18703,
32734,
-21403,
-5751,
28410,
-30935,
12539,
13782,
-31050,
29200,
-10278,
-14146,
30498,
-30661,
15446,
6934,
-25708,
32767,
-25832,
8594,
11605,
-27104,
32767,
-27383,
13462,
4161,
-20159,
30330,
-32545,
26934,
-15446,
1056,
13094,
-24380,
31113,
-32667,
29358,
-22190,
12539,
-1858,
-8546,
17657,
-24811,
29685,
-32250,
32695,
-31356,
28633,
-24942,
20670,
-16151,
11652,
-7375,
3462,
0,
-2961,
5404,
-7327,
8739,
-9656,
10087,
-10040,
9512,
-8497,
6983,
-4957,
2410,
654,
-4211,
8205,
-12539,
17061,
-21554,
25738,
-29268,
31748,
-32761,
31915,
-28898,
23557,
-15976,
6541,
4011,
-14598,
23870,
-30368,
32767,
-30175,
22449,
-10421,
-4011,
18079,
-28609,
32762,
-28898,
17317,
-603,
-16716,
29268,
-32538,
24679,
-7718,
-12539,
28233,
-32495,
22703,
-2410,
-19398,
32014,
-28386,
9512,
14956,
-31176,
28969,
-8739,
-17403,
32319,
-25169,
0,
25488,
-31926,
13416,
16151,
-32594,
21250,
8982,
-31356,
24646,
5800,
-30800,
24811,
7032,
-31633,
21819,
12539,
-32739,
14553,
21288,
-31113,
1758,
30036,
-22411,
-15446,
32241,
-3812,
-30215,
20159,
20041,
-29874,
-6639,
32767,
-6146,
-30643,
16282,
25832,
-23277,
-20318,
27548,
15446,
-29853,
-11981,
30902,
10278,
-31160,
-10469,
30766,
12539,
-29513,
-16326,
26877,
21403,
-22117,
-26905,
14508,
31356,
-3762,
-32663,
-9367,
28510,
22484,
-17360,
-31428,
0,
31282,
19031,
-18991,
-31580,
-3061,
29177,
24974,
-9512,
-32488,
-17700,
16975,
32678,
13140,
-20001,
-32449,
-12539,
19317,
32692,
16019,
-14732,
-32434,
-22739,
5354,
28898,
30057,
8933,
-18329,
-32521,
-24713,
-1006,
22992,
32767,
23347,
1006,
-21517,
-32521,
-27161,
-8933,
13048,
28898,
32327,
22739,
4659,
-14732,
-28584,
-32692,
-26468,
-12539,
4559,
20001,
30016,
32678,
28027,
17700,
4260,
-9512,
-21211,
-29177,
-32624,
-31580,
-26702,
-19031,
-9752,
0,
9271,
17360,
23835,
28510,
31400,
32663,
32550,
31356,
29381,
26905,
24177,
21403,
18744,
16326,
14237,
12539,
11276,
10469,
10135,
10278,
10897,
11981,
13508,
15446,
17743,
20318,
23063,
25832,
28436,
30643,
32186,
32767,
32087,
29874,
25924,
20159,
12679,
3812,
-5849,
-15446,
-23904,
-30036,
-32720,
-31113,
-24910,
-14553,
-1356,
12539,
24446,
31633,
32003,
24811,
11181,
-5800,
-21592,
-31356,
-31512,
-21250,
-3362,
16151,
29894,
31926,
20593,
0,
-20981,
-32319,
-27764,
-8739,
15313,
31176,
29155,
9512,
-16369,
-32014,
-26408,
-2410,
23627,
32495,
16629,
-12539,
-31845,
-24679,
3861,
29268,
28182,
603,
-27816,
-28898,
-553,
28609,
27328,
-4011,
-31066,
-22449,
12771,
