32254
13916
1486
34636
12434
6271
37254
37356
60854
60846
8320
33429
24028
61247
9858
53981
34907
25814
50190
13200
26005
54220
62038
64889
28357
40628
62177
63646
4421
43376
45328
19752
34424
28108
51732
35170
43791
18535
51668
12434
43174
46015
36866
7685
7404
34444
58343
41353
60502
53010
50643
9784
40834
21482
55835
31113
23035
34163
59627
41564
44182
9647
30435
49205
9682
8869
4541
3977
10983
19365
46777
25422
20854
26353
7580
34048
46961
55748
53692
51290
21312
14325
35693
49471
6427
7797
61593
45640
56552
26658
59152
34181
57848
35859
60295
35646
63735
60957
18881
4549
59679
11063
8853
33949
4409
28069
26269
23238
10580
49216
62531
1631
45903
24684
44629
63274
5251
34730
24588
9403
51859
39484
59691
47937
44885
43029
3090
25263
28816
45250
48079
18147
2826
32291
1868
3361
12569
6756
40406
682
33667
2830
29065
11500
6305
45501
11721
421
17068
23014
49401
20146
46008
16555
51363
1137
7908
18266
46202
8508
17011
22117
10239
19790
60994
56036
56296
16967
12522
36743
62301
59270
30271
7024
64056
9021
43370
51045
51761
13986
22427
12341
61216
19971
10419
33539
13353
1691
2847
54265
27894
53250
38854
62843
2549
64359
37873
29207
14369
24509
7288
18229
38171
48500
50867
26953
61531
28791
48465
24093
56794
62578
46601
62478
16031
52150
21370
54980
4732
36605
7597
50770
58533
29967
51569
48880
37726
36561
46893
64745
47710
52646
31313
16699
19096
44175
33230
5442
15001
4265
25681
50040
55170
39735
11265
46286
52620
36947
42716
22520
40887
28245
47588
5842
6783
38819
15134
30107
53531
17249
15520
45529
52053
53563
53574
7810
58541
55680
12663
48376
47747
27169
35826
57207
24135
4676
25341
52342
24072
40962
54913
37727
36367
48910
28183
30576
25182
12037
17280
7480
63120
12563
40302
48777
13704
48520
28288
51892
26197
10218
32931
64845
29496
24547
54067
14668
5379
50292
52685
10903
41448
16522
12764
52726
51722
29102
58063
27437
62751
48738
26907
47085
58942
30362
14080
45176
50126
43765
29523
32169
31801
17732
32942
25497
39182
19357
30771
33095
26594
18053
33971
1972
39240
42209
63673
48079
45286
25482
31966
46628
31349
11450
14363
5305
11776
6266
54806
4501
20078
65343
14673
62989
19655
10855
47501
13523
38642
49788
14938
25921
41612
48217
63474
38808
9421
38895
54656
47487
35460
43856
32842
53996
54634
48789
48675
39013
20889
22858
23906
57868
54037
12596
32252
5056
26698
42283
64420
4149
41793
7479
18711
38051
4771
64311
12880
18086
14797
35629
26698
12415
3728
3170
2684
27680
33525
41166
35552
17992
59674
6001
26704
55950
7136
62937
31510
52699
11947
44473
62595
56440
8401
53172
14270
36580
58533
37955
52841
8247
32195
8872
16454
30805
25778
56080
37595
23251
10262
71
39650
16616
51971
5941
18784
16568
63760
30472
26625
33343
64988
19542
54889
50620
49826
26636
41751
58700
41412
5271
7018
10369
56355
45951
50151
37861
65100
34773
31963
18043
28202
4668
39871
36377
8550
13868
19445
57905
28153
60559
17770
39453
57948
65294
4394
5150
2386
52705
53586
30872
37339
62934
48299
64520
1842
59350
38806
32030
33380
51998
16076
6327
65300
23975
30801
13009
41109
1204
64359
8710
12882
60560
44240
51311
53206
16776
9773
16619
61241
16669
49269
43003
49531
41330
1604
42123
16620
53623
24344
26737
31006
46186
45100
12266
12154
58218
5542
47145
58478
9876
12192
25596
15403
41895
6050
10684
50183
53680
64661
54752
3495
60208
13468
48456
63913
1738
56821
54856
23349
40576
27933
4541
17567
6922
53882
30603
14635
16509
16315
12030
61227
16298
64546
18437
64802
35542
10184
2148
55532
63060
96
311
53927
23989
64383
22769
60576
39677
51822
36404
49145
19497
20746
53080
14252
37947
1815
3205
41282
53380
26639
54790
49277
59911
55668
41343
48296
43435
24137
15846
54528
42993
43503
39528
12218
45649
23558
9825
13751
42735
63374
48890
27993
44928
42798
4665
64081
51732
44527
45283
48653
26900
55829
14294
45195
44377
33091
43534
38288
9339
32902
11878
62197
39502
44444
59264
53997
6615
59681
55951
54526
46823
17532
11530
42906
656
28124
23568
5893
11526
38213
58801
33134
34540
44075
44010
42864
26952
48628
40628
30388
11389
54228
40504
17938
4051
24828
6099
10628
37307
1598
3196
870
28264
780
1187
16730
30485
52806
39791
13239
24704
3091
26826
59870
43779
25819
53946
1195
43894
22455
50970
28042
43539
13006
33564
52030
21794
34165
14826
22899
14177
17207
63618
2314
25353
59318
12406
30554
20439
2910
61835
57899
16374
33276
10850
1464
63710
56689
28896
39205
34116
44856
18225
46464
39334
14027
45916
646
48878
61609
59273
35572
13212
41310
6921
33782
7195
46151
8718
57161
43469
40379
63897
44898
65035
43764
39217
61417
56757
22613
3451
11529
36086
22565
45051
3757
52779
9846
46861
62186
47132
2128
37241
7911
46151
35777
9275
177
26292
9397
61573
10108
36089
21046
24903
26450
55454
31344
17359
48333
47191
29825
55849
64694
47572
3657
60327
44645
62635
64205
47247
4380
25935
56263
16350
62556
38327
12083
35188
52218
31315
36223
6941
15519
25759
60533
47771
21945
39687
12963
5884
18189
42382
62105
46421
8409
61461
23450
37053
64871
33350
53197
65241
23685
56800
11515
51207
15649
50722
19067
22849
57088
59509
53859
54879
54295
34644
48038
28867
581
24931
54944
11761
40239
50908
24774
26000
42711
41556
24393
7031
5929
47714
6875
8839
54510
12954
48392
53116
56895
13685
36401
18572
44645
9585
65360
37053
14908
45785
12991
47874
41183
62356
16534
63036
9498
40601
23959
27302
21150
55894
3231
13238
61170
35214
47933
25334
8183
58779
14910
22084
61275
32521
45739
58156
27993
10998
56396
54021
28721
55644
54067
16797
55191
36735
28736
39748
27388
60113
2931
39776
4042
16541
55744
37721
4919
15938
30501
38243
26680
27764
54589
42041
26950
37064
5658
53973
35476
34849
8474
8652
21114
48532
30565
32684
30031
15139
24387
6585
41086
62632
16025
19310
6812
10685
51154
2045
42100
27184
45462
22191
7504
64257
7194
61463
18925
64592
10359
41509
44342
38678
127
36669
61163
20480
46423
23806
65437
22651
42147
2410
12750
36844
25418
7710
25964
38819
8569
45268
11149
17478
30521
45388
31686
23727
42072
3797
34280
41499
17296
29023
49390
20341
47071
7812
53110
19901
3320
1144
28569
32424
22515
21492
12180
22637
38179
21287
11026
29257
36433
12560
47677
51208
35687
38684
33609
17388
10489
43341
58822
10226
2999
3090
13820
17008
35811
41934
38084
54364
20521
15927
3810
16040
42840
53572
37961
16719
64665
35873
46393
48433
43468
13443
52055
3025
28534
34224
59196
25921
64705
26359
7664
2162
34967
29789
6526
62716
7336
45550
24994
29310
38448
26126
57958
25918
7997
53176
58931
49210
32774
27070
28924
28547
42775
61849
10820
17641
51315
16514
46258
56224
17287
43678
49248
4397
7852
37994
4526
62253
23119
24420
25295
38410
26650
64459
57978
47783
5195
28880
29934
2138
38768
61019
14440
62032
50691
62600
7245
58632
50239
61968
14925
1117
539
20609
26415
27410
24286
45834
21371
32929
57082
55261
42128
13928
38953
31998
4600
46349
45016
52756
19007
62838
27548
41120
14328
9948
27272
64492
26573
17852
28344
19684
3727
14991
57653
47748
6559
15359
46249
14071
44878
51568
47727
8453
43820
48571
13878
17871
28137
15711
63235
24557
28986
58943
52072
50780
3768
36577
47831
37330
4223
29042
43269
51539
41000
17863
39478
7425
34854
50898
59873
1678
49111
42119
40293
55768
38318
39879
24450
61203
5211
22551
8633
14818
11822
24040
25997
44210
4649
57648
7226
25340
26250
18208
30773
43874
15962
8113
34557
4645
37393
43963
53590
40443
8877
15772
19996
44303
39875
49535
39002
2611
59564
6216
51820
49013
48266
50901
38192
1057
23153
32473
37892
32387
32195
29319
33893
1891
45598
59234
31259
326
49965
56468
57038
12827
12655
43695
59891
26518
41658
54655
36126
28650
53732
23189
7739
48478
54206
47022
12067
24211
41494
52831
27075
37858
28330
32654
15208
21768
31640
15483
56891
30665
7106
18650
50776
40801
13203
26484
50389
57056
11945
31821
19530
19598
3122
11670
43627
43051
4996
17985
28137
27953
62576
31454
43674
13318
6918
61650
55562
875
53275
40228
7761
61474
17988
46405
33132
64285
30881
30820
15634
34353
8651
43710
64012
63496
53212
59899
12081
48272
38595
42739
29572
9933
11705
16269
45529
23346
62632
20754
16120
35775
37485
770
63229
2256
51371
21619
14308
36466
19954
57649
43127
26911
9007
12559
36331
11877
63262
40907
32056
46273
25566
33848
15086
35200
45668
22546
37326
40480
40710
16808
37602
22900
27567
41853
44345
41543
25530
56585
22271
49430
37474
39700
8532
19787
8253
28498
62704
60177
6038
35662
47189
13067
21163
27181
1037
18326
21409
16612
41069
26673
61320
25457
7848
19233
16107
56389
46683
40976
14281
56793
57399
36198
36004
21203
1091
20397
8527
13892
61936
21711
39653
2238
24169
52534
11141
15706
12901
54481
56973
8588
40229
22419
18381
44314
28713
21463
34045
5375
52257
30587
44734
21941
47036
2495
160
3186
29593
51280
32592
7232
43706
12557
33482
36498
11023
65297
22798
52108
44475
30422
23233
16801
18867
37787
25131
2036
62863
24038
18131
15373
15894
11844
51568
47465
46707
52446
48141
64184
38778
10379
225
50338
42647
18868
23939
63674
9584
27081
60301
3097
9674
25379
34123
55624
57875
39704
35564
56702
62286
54435
8109
59441
683
13011
57678
41173
30852
60924
18257
55470
23300
15260
26561
41111
14197
17245
9032
22349
37092
44204
48999
33488
46346
20790
41075
58463
38495
27860
35596
25955
22527
40622
12561
16653
64298
61597
52277
33421
17210
25494
18527
59760
54410
41267
5959
56510
12367
11968
1744
1161
18182
35675
4104
50755
38259
173
47382
6641
15182
11050
24
23952
53110
48580
63278
61440
16406
59926
18403
18811
41014
27886
16253
58423
16566
27429
64213
44500
43187
12172
13877
38259
18101
13494
54653
24009
50999
32352
40491
35865
18394
39178
43499
44247
56324
64560
42985
22570
39555
49756
43903
50655
56034
43933
32924
53897
14932
58894
8005
13329
36309
35662
789
57198
10182
63605
62468
20042
8729
44817
44229
48192
42400
41062
37354
47439
33206
8125
47752
8923
29455
65157
52873
9312
51408
36196
53756
17897
47267
53135
55431
48516
40484
58062
56542
52468
52782
64150
43942
57543
48717
9984
24549
18796
52647
7430
12770
36516
54564
3143
22526
659
13198
35733
16677
5384
35099
38750
23385
33106
49494
62398
47203
19727
2024
20907
38014
23154
41996
60770
17962
28022
16440
14237
35254
56120
36032
19828
56944
36902
27095
58892
64492
40732
47547
10963
45096
19395
23047
22835
64876
56987
17147
47715
18397
5024
5854
53933
8167
47503
17038
43121
57119
55445
21430
41810
64359
35607
52716
54379
35642
22440
26729
36093
20710
52802
19001
49801
50135
28444
23349
11105
26635
37837
31629
56289
57967
63665
8080
63588
54906
47109
10098
11048
47949
36518
43849
23646
18363
57361
20002
59702
27187
15518
58788
30332
29340
42599
18214
58655
63992
7006
4214
14520
55298
63600
22583
56858
50915
55721
26802
5844
4272
51439
6846
13191
41678
53667
8238
51051
52810
13749
33169
42307
57750
18589
65114
61329
41415
65409
48094
43801
27024
39482
46941
58066
60063
45879
16810
7042
59862
27584
40875
31747
49823
22164
13981
33233
32550
35005
47162
45203
59170
2031
4789
32306
52770
1314
11046
59532
36580
26503
23648
20995
47943
53910
33771
51868
19721
21242
2111
20851
11133
64386
57126
59873
17451
8659
30617
17347
53869
50958
57654
65066
39459
25632
53502
18670
7459
7190
32558
2752
29164
35806
34471
17974
20321
55473
24931
16763
55320
52367
54108
13848
35148
57944
31576
49599
20751
50205
62743
62314
48054
1011
60652
52367
10192
64546
10269
40398
20136
55807
27527
24700
58379
30551
45859
25343
38490
34830
32147
40464
37637
52099
54210
7595
4582
33650
24477
58331
23805
2677
21128
44307
30869
34520
32603
3234
29775
39653
24041
48637
54202
38331
15709
37186
63298
27792
10579
52802
26337
57712
11700
1020
62836
17368
43061
55899
39231
21054
27186
19971
42633
46070
48215
42340
6881
37869
61599
65414
8862
10036
4836
16294
25483
5694
36577
12651
29713
40911
60217
23916
60675
3713
46925
26215
48912
57285
56168
52316
44480
43037
63735
1887
57319
1379
31356
4428
49036
53147
16873
64519
51093
31219
55811
20581
12204
60660
7011
27496
26562
45951
34537
34843
23866
17930
4438
42193
61765
34233
35878
35258
11651
21221
43630
11339
31837
34339
18419
16021
52723
46002
54100
59408
55286
2410
52814
45577
16387
28073
13439
14059
50890
26669
46184
22626
35914
50394
52737
51670
18541
20144
16369
37315
60788
53117
33776
36238
65216
55625
40566
59921
7717
58507
46463
31432
4549
6324
6823
21331
6295
55054
24682
34974
47923
60870
10864
35589
52742
33083
50130
47595
23424
22353
21419
26799
34071
56756
3938
10309
48758
35901
33523
16824
31266
13430
33012
11587
34991
43678
38090
64307
39546
52950
8062
16155
6747
33313
6402
26328
21212
32458
53328
5644
6850
46946
41475
56158
54696
65266
41013
2191
56281
59651
19506
23293
30862
5596
5731
56742
34380
32094
55254
28735
11240
52873
11564
65277
16692
16474
64021
50190
45535
25664
11930
64404
44200
16811
1968
10956
64446
23168
8120
61464
2576
62667
20406
5762
348
25582
55943
56123
51356
59138
53211
44558
1045
50818
181
47375
5678
22581
42566
41150
8211
5875
16679
9373
46686
38398
32739
40747
64991
10143
31018
40429
56101
49960
47923
51299
11799
20308
22373
42961
38894
40786
60603
35907
1319
36665
2731
15322
46805
50174
16145
38341
44420
51147
57305
51928
5336
40660
1853
64071
49520
2171
2709
18528
50603
33691
61028
49887
51894
2552
12553
9831
2205
8508
16607
757
29665
30569
11287
14895
13453
55537
2138
12710
8938
1620
2388
38264
17423
50100
38775
1439
45909
10219
56475
59628
26181
47202
9014
61412
1801
26746
45948
44881
4724
57727
24386
26785
35394
24465
59688
33564
42174
23325
854
41781
6265
25257
48341
39393
48113
58818
25616
27470
20021
23403
39092
63837
39743
17822
29330
17281
45107
9848
37191
61650
23577
62872
11215
1400
7361
56850
32955
61861
21143
37391
4426
53957
19926
37125
61581
35103
28700
48225
36805
5304
1480
1281
22823
30596
12710
60119
27444
8708
48300
51395
54924
64566
56794
53599
29292
13933
14564
13830
3990
32821
7183
37132
43011
24283
25268
20354
27410
26744
6915
42251
60030
29313
33716
24012
49872
24955
41003
46028
22027
26452
9934
353
15381
15934
63730
32023
36158
59192
29702
27295
4185
47302
22299
32121
40496
4371
15035
4584
56946
11929
1096
20600
45183
52234
41021
21635
48149
31208
540
62245
48812
62753
13127
38752
14332
32748
12604
57332
19288
38257
22102
5134
40852
37499
12494
33730
18916
19906
59869
25355
25516
55102
17066
30842
28608
37011
56025
41023
15753
49639
2992
63282
33873
13704
65120
45519
57555
55787
2428
29398
47675
16883
4207
34598
15827
40445
23153
4174
24539
38277
42576
4981
54062
1478
24994
2414
4187
6343
4000
58980
53109
63717
27332
3393
52819
8560
33496
46068
9739
44178
26750
9938
19811
60138
51410
64103
45220
50057
6881
64053
26684
4823
48074
11831
27863
34287
18721
14314
50562
46635
58734
35372
47243
17249
16128
47262
47875
60112
14801
51616
59189
21320
47526
14752
8958
56136
60813
15002
5898
16037
36234
25781
63117
2635
37348
54830
32329
28445
30589
34414
14766
51215
34021
22739
4560
60718
63743
31731
31079
50501
12053
33125
41012
18667
6138
42751
27499
45670
5910
22698
30158
36012
37211
27103
45068
43435
64837
36174
39045
46321
57513
14160
4992
18662
13878
57859
30655
22468
60010
24367
52189
41202
58503
26007
27726
10813
15791
31741
26574
42108
43506
58158
28782
61063
29588
46108
36304
27484
11089
39093
9802
47482
51332
45225
3498
53406
41959
5716
61250
9783
13557
48439
27767
14335
24942
55579
5989
49719
37243
37592
63037
603
46941
1416
11538
21563
26398
25431
63789
6699
43003
54871
8894
17848
18294
57730
43307
56102
53903
56949
53198
15530
38797
19411
3958
52053
16879
24786
55391
5796
39759
7568
20374
58971
64604
13842
45737
65376
1610
12671
19320
43534
39966
53184
5499
1019
19019
36608
54581
32582
20966
16835
58603
14981
27881
20009
1197
46434
9077
35518
23852
60826
2324
33090
36375
559
29351
30716
37048
8223
23808
45678
46327
49654
14662
9368
58989
7604
57510
450
33648
25484
59581
1776
12002
19638
63011
56920
12673
37179
31562
38591
39790
42435
22812
50806
48502
45341
26852
2010
32259
24673
33986
39606
11640
34801
31672
45844
27126
55531
28356
37362
31528
48992
18352
19028
26373
17552
64369
21679
60047
35940
56445
15749
44847
61157
49968
19453
29621
4778
37315
33334
15039
20561
47186
24860
39743
8479
9849
43009
45601
25329
12398
13315
63768
51853
43003
47497
50896
26168
14322
48889
43158
22151
41953
33199
46130
38237
57993
16741
40191
6541
16486
48545
9699
16003
33161
17651
20008
12446
25995
3372
41504
53763
50611
13464
12658
57166
7565
10998
23416
18101
45838
14157
49667
33818
47857
12526
38152
35090
64981
34812
63436
46636
55290
25169
3926
25101
53312
62796
43486
37618
51129
51285
35486
6477
57433
27827
42359
42435
44027
63742
22965
61127
40374
54644
31200
52319
15397
2076
37171
38754
6650
7083
16737
35304
62573
37174
62321
51873
10898
52483
33144
39528
47234
58240
776
27439
10747
56197
4194
63137
63847
62399
20164
12156
19238
21316
26478
45723
21922
52254
61459
27980
10556
11813
28770
33627
33800
65456
33078
3278
13065
27038
29321
58765
51910
33382
19628
54667
53555
19527
36856
30216
3377
47701
15032
23794
11777
64821
22568
3404
31611
45109
21943
62126
60827
61892
12358
16063
57518
39834
40361
38828
51930
48760
64215
27109
48381
7596
18339
40854
45449
27785
12788
25844
46730
25779
41706
10383
54310
59372
62894
38419
23147
61501
64665
9751
58116
63435
42075
4044
10305
63214
4931
10446
8257
64721
58674
33067
37051
37717
19473
42854
61487
43285
46975
21128
21980
24270
51838
53552
28462
59869
54579
39713
49561
15298
41601
1105
26168
2618
64252
7186
44800
4820
7732
53652
55108
65061
12633
23801
5087
46160
21704
38713
23131
5373
1320
47986
55676
46643
2728
63205
15625
18040
10365
39397
37670
36602
49902
17236
37004
57392
6747
58545
60863
20513
50146
46167
39120
43024
45220
7110
1917
31336
7041
11583
53868
19860
31736
19616
34073
62679
10473
27623
64893
13973
62714
5214
13047
7173
45382
21132
6187
2864
22143
40231
43548
55511
13936
14368
40416
7072
3317
15435
183
43194
22838
41993
9782
17188
27026
40808
39802
13991
14756
38269
6904
56568
18805
59628
42834
26445
64778
20224
24399
54682
37342
21843
56202
10647
37543
32141
59758
45892
59931
4357
36232
2255
56043
39499
49981
35689
3671
38022
12169
26233
41356
7923
64870
62665
995
22036
55172
5300
5383
50202
34814
48341
43598
28343
23788
30138
51656
64399
23768
54706
12854
45870
38121
49226
13761
54464
59922
4949
64047
63292
12174
19002
41260
63007
14878
36397
21396
11129
2606
52980
58434
61034
14307
9525
35463
5167
4043
3464
50463
17924
64585
11465
62782
45444
43597
55803
35539
34614
9211
24926
14101
41448
18090
51497
56598
8042
17126
53365
1922
30465
55877
3133
14031
34444
15417
30544
56044
55475
38571
57620
803
34501
14439
46539
30800
43341
29221
61386
20168
48393
33598
20596
27612
7584
21
102
43705
55313
55330
51272
52809
16911
49364
7580
17852
6327
8911
46420
16589
38063
47194
41819
37713
56097
2868
48754
59087
49339
16271
60467
62118
27355
28848
33655
30157
40746
56462
6670
14248
37386
10565
54485
32107
65470
33949
35399
11624
52773
44616
55344
33546
12758
7676
28412
28013
56770
34893
62753
35245
30977
47949
34874
50098
38647
13268
24305
23531
1143
19338
52042
12448
45742
54778
37097
43518
55947
46155
46020
26783
21288
15119
43684
18627
64798
44107
31585
21374
45956
18811
52706
45307
19019
44392
49083
33588
35818
57252
22694
34284
60699
48625
25013
34586
16496
9610
57210
52378
52435
36571
58339
60062
40207
22924
13076
7323
39853
51837
38444
52690
31267
60853
31661
18075
5053
41217
42219
6969
52892
16694
15297
56846
42154
40635
40003
5849
48183
52157
35326
38523
15752
54191
9880
39586
31388
24521
50857
53857
22960
31588
32052
16148
29290
18305
47769
48027
35125
7860
27978
56014
36088
10222
63539
51726
50849
57908
24325
46993
1762
27474
46297
54578
13848
23575
39442
12167
11592
10061
4987
35351
47739
56387
16655
12865
22827
2675
55190
60809
37659
18771
32449
32358
52090
63691
34386
65416
37414
64925
55437
15207
51618
14025
51007
53346
47561
9154
60668
53251
57201
36298
39171
43219
49947
37644
55797
31676
62101
49132
62524
10735
44538
45352
22997
54459
18096
2104
51307
12678
35762
47099
55687
17402
36047
63740
4037
16145
45890
58600
42241
17161
27894
50276
27860
41525
35628
29978
38194
43927
27598
31808
54958
41418
62718
2482
34066
15486
14194
16948
18545
32847
41988
30533
27410
44105
56870
16577
18253
6961
22420
47626
52053
38897
28692
24511
17690
58165
11269
31863
43456
29777
53755
12977
9024
56650
49331
57368
57058
8886
55260
38137
22335
28523
59298
52939
11418
26919
46613
25757
6855
33359
13180
51234
9113
40088
22046
29632
34909
41207
52665
17675
52716
36686
60132
19340
35749
14329
4007
27839
5157
64087
22153
9882
26127
14994
5201
10582
49811
20018
11463
27336
60175
50121
63453
61871
29440
21942
3980
44236
16071
37335
10150
9016
2609
65453
3416
45775
15163
8757
21735
12032
38993
34214
40821
52830
7422
29557
49601
62252
3763
10785
26834
40835
50610
16066
45661
56532
35254
26322
44771
32224
23331
37194
31202
52604
62680
34403
14625
50092
7846
877
56175
27675
5125
56146
55705
30360
7924
44839
24964
49697
37224
10992
14158
21316
12713
6806
59181
16087
34778
38289
40917
35358
1285
2604
5950
39925
55233
5437
31542
2027
27692
14340
7215
8404
50526
44812
41004
46445
1895
40097
34008
24020
52383
38963
3182
22083
61910
12483
59919
54447
55426
56331
63194
49470
39380
39145
33600
46064
12127
2321
20801
59437
31927
41291
45333
11753
39227
53557
62378
16400
48094
3337
3049
53529
46857
9654
28908
43655
35316
7846
20141
18995
60507
4553
54917
58191
43417
42831
19092
17557
22430
32851
57932
24780
35443
24851
20736
20695
14562
59639
56102
56287
12136
34890
23714
29462
29128
63179
54921
15159
48236
34520
53420
12908
16214
7287
57458
26433
12394
26835
57338
39688
17489
16536
59075
30281
39084
18533
13458
52583
7472
47727
54218
42725
62306
23205
6203
37227
11736
7927
16755
42998
21071
47372
28937
7383
24281
35023
21850
56728
50962
53741
37819
52726
21798
16213
62456
50075
65180
5027
40463
16129
7396
35139
25033
31822
58497
32749
63559
34392
52638
58682
1013
36694
65442
1543
30611
61402
46769
17705
42667
3878
34313
33304
38099
8764
55608
57665
18676
37967
15795
2301
62343
51356
58557
15301
5770
13273
25979
46714
60157
11308
19295
5804
55106
41605
15760
47987
2382
22960
49469
32196
40324
23095
8999
46687
37108
29516
38107
53238
30420
36793
31581
59018
59855
12923
48154
64973
52462
48163
8455
33000
39090
29424
19558
10648
31178
34453
5374
30439
29803
25374
27011
30016
9571
47910
26005
45459
45139
10459
1002
43662
9816
37648
37123
25377
2403
53483
52498
212
4150
32899
35128
46595
29199
21298
47753
13110
1525
47050
52126
60969
58755
39549
61751
21547
44834
9632
40188
32502
59462
54350
29222
47207
50928
27427
23237
37168
377
22210
52083
36043
9129
42362
33224
13130
4902
7298
65202
38080
19638
17897
19690
14518
24959
26412
12048
30764
24574
55802
16887
24404
40915
7730
3567
45968
31564
51888
9785
62617
44729
49462
37974
31660
5061
2059
54697
22959
49541
53838
12301
65301
14044
15122
2358
42326
8038
11334
58004
48908
28118
57389
61959
8908
27102
48901
53526
3105
7497
54672
57817
40048
32170
45023
53768
46718
45272
39868
29379
39402
38471
15098
55842
45061
31136
54369
40449
26063
16385
62742
19162
4362
5137
26245
6468
36191
46381
3538
48503
58214
34993
23163
43330
28931
36848
36016
11918
27391
49460
365
15942
44922
30258
3881
43828
18869
28583
41545
26124
25900
20246
14790
46006
19434
19110
59587
41547
18368
60856
36760
23575
14931
24436
21357
43653
20072
8568
116
39857
35639
46465
61677
46293
41483
36961
19228
41166
25360
20042
47544
60888
2489
42583
33225
34104
35440
18348
59582
33023
46198
46859
57229
65030
25888
62910
38544
11579
23530
39318
34237
21552
21211
62487
28916
9627
61299
30492
58159
39789
41339
62778
31076
25811
18044
19649
55045
28205
11608
61445
20172
40645
21267
13405
8155
23394
45079
87
27395
61746
35666
35953
10890
12687
42633
62498
22320
6184
423
16806
17477
15331
47149
62283
53500
31589
1842
12344
51838
12884
18166
44763
9664
60714
43312
59116
5301
23769
39836
64456
37968
16095
5590
549
62551
16344
48978
14696
20960
35780
54710
17407
43488
4164
13263
12973
32298
37270
48196
50731
41656
11457
59890
58058
57170
12387
42647
26180
50911
43158
18889
15408
64048
65027
54569
60294
47219
14749
44904
29471
46872
48572
47514
56124
40661
9454
25109
62357
31942
15677
11150
9745
39683
38725
37688
47352
4996
24190
12569
37867
20139
29113
10083
39239
34145
1379
4014
56417
50028
30428
42890
63245
36921
18898
18140
36015
32278
10410
21103
22871
41972
55184
6848
46126
35741
15832
48764
4130
38693
22112
9182
15105
55134
4096
26449
54351
61367
16451
6901
33101
58534
22303
4612
64661
46426
59140
24071
35317
44340
7023
14884
21652
61130
43935
55128
8917
33188
60283
51696
45978
62833
49429
19115
3805
29123
34278
25507
11923
44875
33767
28313
29092
24327
63788
1809
64603
64837
52852
11988
42071
45531
38118
41317
47058
40246
10416
7625
16759
31298
60030
46980
6077
30795
23581
58393
14698
27009
40720
8255
34693
56472
4093
34635
3842
18709
32802
36104
10915
31699
46663
52189
21039
15525
3441
2369
56571
11502
20215
64393
44795
56853
45385
50448
15274
37274
36954
5303
62281
62977
63843
20161
52086
32229
60765
54244
48638
54637
26025
60135
28353
34275
37834
33753
6945
12562
62214
42515
28411
59649
34928
14242
65473
36961
10822
39977
1768
16669
22326
59555
9973
62903
52491
28596
33579
28131
31304
39981
4151
24075
30276
47425
33965
23310
16450
55589
6295
8278
21515
48614
54604
8711
35516
38170
37343
33943
26848
25247
59996
4765
59436
49736
40847
28811
61894
62693
7919
64360
32394
26175
43280
45575
16039
11442
47433
18568
12663
14649
8693
39010
20896
62175
7643
51495
54009
59120
39472
36593
22779
56204
61809
61037
40964
39525
47063
49396
1862
62239
53569
9567
15760
63423
56372
29035
37448
7778
64911
22811
6911
22997
39161
29747
23673
263
38484
53426
19751
36258
7972
39214
35604
53666
3028
12124
57992
17957
25867
12099
7324
18312
6984
16511
898
38437
32977
23408
22474
25361
30329
52125
40058
54185
3959
59451
16847
31523
21073
7276
34591
16166
31137
48516
18358
10618
56491
10011
30658
5617
35343
64828
63458
15090
9724
26406
3465
23847
59822
7238
7806
10286
41882
54999
56122
54234
57439
54813
45138
40891
18655
7502
21683
56151
2086
11935
55682
20783
56914
19478
61239
13386
44825
12782
65448
23153
43589
24980
46161
840
37502
18858
30758
57064
44344
8252
62390
4558
64238
14983
9829
51463
21350
19266
37117
64828
23108
57163
6472
32893
57064
58022
8877
63073
46737
24926
64207
27826
22081
13365
33855
45852
32397
18941
63454
28693
15694
10531
25710
14127
18717
26626
61335
19677
649
22488
47544
57255
57826
48643
55511
1761
61491
41642
3228
27617
64762
6816
35775
31516
48180
43959
16492
20480
58018
49093
35025
22664
3734
43394
28783
14027
9092
36082
44765
29160
44795
22756
24361
2529
41826
15372
14405
8126
47738
5446
62881
26685
15352
55078
10250
35546
16059
33062
19991
14323
17244
15278
30806
58158
65307
35536
12515
22437
36268
16393
58127
24614
21210
25826
34059
35406
21311
54161
38965
18385
24974
27508
13879
3807
4710
51644
7854
44529
49018
35208
24044
39358
44871
9429
33816
54648
28540
13400
43117
51608
36610
36455
47326
19687
7741
15073
36494
46789
44703
40057
39111
32056
20978
39583
59143
17924
36742
25694
25417
5394
62879
406
6587
13890
4395
53448
17452
29795
61996
13028
31392
61828
30415
2152
25966
61647
34873
4555
19741
59787
11325
25464
23157
47027
52169
36864
2437
9622
10946
51280
26756
56630
33722
43247
31848
43395
29072
1223
41638
20907
9720
20361
10852
28047
1973
31324
54999
41241
59111
3717
54734
25128
6314
24671
14948
3390
60331
25870
64615
25697
49948
20051
18724
63870
20726
15626
10259
6230
57899
43843
54847
2822
4582
65472
54612
16115
22817
45012
5970
22060
62735
10860
47092
26542
38672
8319
47083
43565
3595
20003
45682
5984
16498
47748
41533
29156
51998
10781
17795
3649
15206
57401
9000
39382
59236
30183
63148
62397
65055
4278
52568
29513
26720
44469
35864
22427
44408
20642
6487
30393
3052
48266
23960
55224
14038
58921
56445
61672
57239
21424
26498
57984
26032
28812
25717
14772
19676
26488
42862
45013
2505
47832
42787
65309
29609
20086
27663
23325
34655
56205
38655
37607
36295
19974
4718
62906
31733
65342
8132
46619
58539
46373
18931
13909
4552
59237
12821
48309
61869
48144
31082
44140
27513
29373
22638
26095
51938
1393
22764
45009
22590
11500
65321
26533
552
61197
31917
27535
4567
30004
11076
62441
38449
5200
19763
41007
31782
45347
11627
41685
21915
58515
36126
44582
62079
62921
4115
22474
62430
52043
58701
29169
11562
37500
53360
63366
47064
47870
16329
42543
6315
42827
37948
56635
22224
31738
36134
63499
47720
54543
36349
14162
58972
26205
58876
26286
3473
57492
39546
2416
8442
16570
60416
61064
59188
53329
55779
34217
46958
46670
29873
16384
33184
65436
19066
12667
41466
51927
13964
37804
49058
51615
40192
16178
47564
61543
14484
2091
15959
27179
26221
65164
54271
26839
7474
11034
28998
9781
8586
60557
7496
33491
64523
10155
8596
666
4321
64903
42531
54047
44429
7027
57578
8998
19545
29194
14861
64862
28769
63791
45835
38334
45386
26571
60860
46390
21572
4093
548
63346
33191
28453
20592
61712
23099
21365
19168
25764
2878
44976
7717
16958
18896
45434
32053
51710
39484
10075
60317
29678
48519
5718
18310
34873
40770
14086
61312
34707
6342
1797
1488
22575
31503
56999
59225
21099
40459
50211
56805
43801
50253
7519
54347
1292
7850
42334
57531
60093
54974
20930
5122
4234
32865
50497
46171
6958
28805
30684
30596
23709
43153
29234
43836
28717
49304
60176
40793
5959
43284
63471
51583
52142
39574
18954
55872
48638
78
13499
64075
28300
60037
2849
59030
40149
16805
12871
16216
32213
58797
10242
56592
52253
22340
43255
48468
12495
18485
50685
24649
3329
5118
24032
14281
64938
56092
20032
56391
11305
42333
49225
55024
35868
45740
61097
21886
32393
29173
64473
20396
13832
11810
52886
48424
37004
42916
61542
52295
59309
55379
50984
3036
9486
6399
8876
2298
45801
25923
24090
59214
60726
27464
43996
32115
34122
12288
21155
4347
12972
43622
54048
14885
24977
26017
56628
20120
13681
48554
14222
49058
20055
57445
21821
3396
13445
20630
46778
10881
13294
2094
40184
28045
12490
15221
43036
11870
17104
64527
48579
4732
58031
64058
51113
46512
3671
59576
17749
23444
22242
2399
62763
10993
26288
38713
25746
1300
7199
4039
57127
41212
46839
21324
57445
59820
61629
53057
31582
953
17359
39537
41374
30413
64747
18078
23831
52338
14649
61790
2919
25093
49845
38726
63264
10623
2755
55567
25778
48717
3941
23258
55397
7698
51345
19957
21772
4332
40856
18744
42190
46492
13939
20256
5883
9942
5543
39487
33219
40776
16040
18217
56960
17495
62291
45934
23064
13598
13296
32204
44184
42650
57078
33541
47996
32513
51514
12455
32560
10805
54436
19763
53062
6086
5218
32160
18313
22930
9918
27339
25377
11487
62526
26852
53091
40790
50077
64398
24745
50206
11900
5318
10284
24909
49224
5504
27788
5424
38999
55424
39717
23679
18606
18714
11420
35127
32394
9470
62863
1874
25783
59092
45731
26178
9704
44213
57415
21344
43923
24020
32822
18190
49380
43362
47768
38582
30346
50939
39042
7575
45688
55924
38647
37030
50675
3686
51417
55470
38925
15268
36601
36181
5498
61335
64347
34251
37041
25471
6064
32587
31576
60107
62308
6430
23791
43440
62996
58808
49229
3415
47512
40651
3674
62367
41107
50542
59302
34979
46053
50121
56727
48436
33117
53750
3990
30076
14823
62110
29182
28076
22724
57353
27800
42331
13661
25765
49014
43378
32106
36502
34499
37432
5353
25247
44386
30263
30227
5641
51060
7311
6082
1576
11626
47119
34545
21140
24958
28006
34566
56804
35127
18989
18023
57745
24720
64538
47217
14185
9602
65438
42853
56515
46877
38106
32438
21951
62899
32912
25901
56042
59770
2016
27188
29834
38195
48345
18574
7686
30361
42717
2826
62069
63221
17691
64077
29804
28492
16941
48853
17879
17636
34509
43051
41161
34419
18214
15441
53944
52585
2702
63374
23605
42981
60252
27171
8260
33752
2440
36423
38210
34866
35882
8211
39212
27960
48110
47730
12938
20096
64543
43250
24508
29812
35969
36379
45439
2013
48655
10668
25707
6506
8682
61271
9635
19699
49710
32348
56247
35382
28084
5693
45646
58818
38868
42112
46786
47847
64650
14207
12791
60019
41944
57585
44218
4336
47150
42219
8342
18431
46743
36316
21776
29043
47040
36363
33150
23408
14713
19409
59331
27954
41450
24312
26879
29363
47411
16859
43451
21797
63170
56074
53821
24429
52776
14063
55754
6484
32944
8583
32378
64719
33632
40148
8186
63131
51432
33253
18844
3618
17801
716
41609
31605
27788
61154
16932
47689
37580
15484
38929
31636
59925
55344
32767
61634
15175
122
50378
12792
23547
25606
35786
62232
18410
45621
17293
17865
24855
32800
44570
37783
19758
47439
28818
59342
10760
54861
4640
52205
9961
19066
9174
41363
19593
20612
3176
65360
55363
1298
5545
62520
48493
8065
32261
14932
40920
49517
33146
13252
32939
45065
1596
59697
57076
43043
40465
53335
62019
45699
33959
38385
41710
36548
7345
18609
41420
27304
39881
49416
17372
22026
64341
46507
56708
60853
41927
22934
39134
30321
23356
34149
32988
41431
34975
5551
39291
17542
43159
34725
46760
9530
3135
60540
44133
25630
20167
30545
49410
33979
46390
43881
29943
59386
32367
10188
30915
40619
41207
4544
47424
17778
13039
30819
63179
19947
63543
24635
6650
38358
45006
40127
2576
58997
14828
62741
15999
46641
1237
30815
31578
1790
64882
7797
9332
55859
64495
54596
50011
59995
32298
24177
61077
50650
46911
27509
27218
41460
57501
49486
39662
12065
60671
55564
50126
28584
62820
17934
62933
23217
4996
9880
12535
54276
1411
48455
53318
39448
16240
39995
12914
17982
22954
31530
13334
29816
34588
36913
35409
64235
42625
7460
56662
36594
39245
46968
63824
55845
44762
61759
36762
46158
32479
8387
3184
23029
26389
35788
52896
16309
57872
25576
64783
59265
57982
27838
46206
4620
28026
2208
47155
9219
57443
39579
60088
26144
30061
36850
12855
42693
38821
30580
38955
11842
48049
59795
30915
5022
17701
78
28717
5940
15436
39072
45858
11142
52775
16068
31700
732
17041
5431
24445
34444
65415
15551
5824
61278
50948
47989
18875
14218
18145
51097
4047
51333
54046
37560
48506
41749
34440
47980
59125
15495
8386
7824
2596
63800
21963
1337
39512
46064
10455
3605
40609
26675
12701
46444
14568
7375
56262
62204
25703
25005
17353
14063
64804
37906
9137
59659
62056
310
59400
12605
58833
35749
32743
32836
60666
19639
19878
28703
60232
31033
29893
55833
20232
54167
40818
58669
29066
24979
28275
50520
1150
16856
18474
33460
61918
52858
3435
13667
40821
18597
34956
19480
1512
29439
65422
63205
42534
3242
51730
13225
60675
34195
21548
55732
63995
61727
35203
1639
64712
28047
62409
55458
31516
33588
45600
14876
15319
13396
27636
22013
12080
40086
3409
58172
23849
37723
290
8804
243
3666
11323
12956
63528
58960
34075
56466
63186
63633
64722
49393
34890
26613
37638
25551
50795
34179
45045
36308
30588
27269
751
32422
22131
63760
47922
47371
63993
15909
20427
40631
43478
39523
65409
35799
61009
51764
54933
24942
36722
64784
30819
49950
43948
51393
57920
7967
45048
21715
57580
340
39724
45986
15772
51445
45066
24815
40713
40108
48805
57459
47580
56590
47127
16794
14048
22634
33377
23974
15883
19209
41736
5361
4217
21173
1158
39988
54491
3333
33310
14648
25463
48665
29925
23611
36112
16010
384
39170
13972
39058
7116
58360
42031
2084
34683
64355
36295
61877
4031
56340
50313
29579
38640
34582
32402
31693
65229
63797
60593
65008
33837
29497
48968
49118
585
41972
62597
15435
9918
29417
5117
17944
50182
35482
61905
43032
30362
5918
35691
51415
60746
6391
6785
43543
45835
65466
7004
47972
49607
62099
44140
10555
481
51010
35727
30706
12728
28698
57592
57688
25768
48316
42786
51613
15772
37640
53930
46231
29702
35843
58335
4632
18842
11240
4379
29910
18461
25368
2277
3378
61127
64931
29606
17002
9396
24930
64709
10275
51423
21568
250
53261
39527
13583
7100
17921
20258
1108
57425
10503
60860
13730
56594
52647
12520
4519
14976
6624
48331
26246
61815
27965
56488
16622
59953
36787
53219
1913
39542
62461
60728
49904
22063
63969
58787
43908
10762
6488
49989
12671
10176
10265
27648
48785
19502
852
50744
10173
36261
26950
1381
22396
7284
52542
57116
47108
409
35474
4376
47502
51820
1062
55011
9825
6128
34357
37676
21657
57963
4101
10023
31070
14191
55060
63601
14644
29061
14051
2536
61579
45475
46129
18410
23921
64621
30237
18992
11106
61489
35751
31726
56966
48832
41525
12144
54765
22818
24871
22606
19619
62452
7882
34109
38801
6438
120
13679
25444
13408
48077
12219
12490
38662
9288
1183
44174
22040
54096
25923
38916
60266
2701
5675
21035
43704
42672
64406
19578
28417
36546
30253
41102
62982
65245
54699
36094
23069
41819
46011
52287
38471
62387
57341
59826
41314
59784
15523
61862
55405
40657
7386
25401
55604
4758
54053
41900
48056
54612
25733
52352
44906
26750
30749
5117
4433
41804
62141
17664
13168
33869
64913
48898
64140
33481
58021
38907
2572
54859
39489
11077
4889
34800
62012
35849
33148
62073
39882
30404
32960
32771
10772
7361
45887
5707
59100
32392
65450
34918
26877
44755
33455
8633
14258
20784
23352
23804
16184
401
51121
44324
44520
51595
54279
41749
59660
64049
16338
34996
4862
2862
26971
43309
1414
17883
63795
57280
40850
17796
20071
34463
9129
7490
32304
63924
56569
40325
38772
28902
26306
37762
37941
15583
27615
48317
61140
45223
30686
48274
3545
17822
47277
31510
22700
10743
55891
9845
55943
47731
33132
29873
63172
55974
2671
4559
5963
40397
29818
57442
5342
31640
36472
57629
20701
60553
2720
1082
33921
56262
35825
16890
52783
61743
5718
17077
42599
16570
13204
6444
60301
17646
2375
50877
5728
5137
38518
43451
46992
17064
32343
10091
40704
5031
29614
13978
36709
50981
50440
22837
27305
4772
43516
3923
45766
27033
46018
14074
38088
9686
15863
11687
3050
7151
9646
59073
25766
17378
61536
19072
58644
31061
25862
32513
41460
60899
10590
30025
23661
20588
36654
50323
35975
56866
9733
60393
114
6246
17579
38286
16031
23933
52659
45298
10966
18576
14074
36811
20699
58591
21278
54986
42439
49969
36186
1789
60059
9804
54906
63393
45387
38967
48848
21085
62700
31583
46937
64064
32550
31648
52921
33298
36163
195
62384
25730
36039
55075
25301
57343
51686
24458
4852
53578
24644
38009
33113
47723
32748
62024
19290
36201
58323
62027
32927
25929
55614
64378
35388
40591
7521
62904
22341
44063
33729
51859
64897
25245
43110
22302
56639
21887
25048
23814
46863
39485
8292
23427
64262
47143
61266
40460
11570
15867
57742
41968
52868
47865
35587
30305
54309
28667
50678
5207
32134
27538
44563
11918
60692
22440
30993
44952
37533
11105
54227
35745
17126
17545
52239
41820
21078
25238
7444
36733
29962
4594
84
51328
52014
55496
56048
39466
46253
21893
50461
14411
30337
12160
60847
39973
23954
4466
65500
4679
39911
29634
12646
57488
58057
875
42964
14487
34452
58833
3359
19900
48878
24967
47874
22292
34308
57995
13854
51933
11383
23777
46241
31243
26822
46947
4809
43724
9930
30603
4294
16354
54896
56348
15223
38523
29513
59728
12834
6352
16176
18443
24190
63454
12900
22876
19266
12564
5627
54136
45661
18769
5345
9305
4487
50807
1158
62337
44084
55971
29164
50202
8651
27839
11463
42852
41780
2445
58578
31459
20784
1586
43321
40482
54057
51091
32509
32450
10624
31056
6079
15769
21185
5103
27394
52117
37133
35165
53199
46353
65460
18635
35262
18415
56395
21482
47455
64458
4140
65169
17468
44850
11394
44187
32888
28195
15961
9462
41823
12
19292
28249
1556
42163
7615
54286
27437
56943
28476
43120
57239
21941
1192
62043
51014
16838
27094
15835
17349
38283
61893
53995
38266
57833
56661
31102
47591
3257
31690
28607
51781
28584
4873
46080
61687
47556
46516
26607
53037
7928
46487
15752
24346
50626
8223
38865
31132
24422
62360
60366
44569
25176
8240
64863
22238
29637
5069
49397
19659
5116
9704
23996
1394
6540
50995
41762
26474
33489
55273
3607
9813
29278
31365
62189
7848
54094
21569
31100
52791
22499
47698
17491
9471
54400
19110
40663
23237
43295
25888
10585
32739
55016
36320
2084
530
11520
54854
25487
13197
7970
12460
24516
36157
9331
11657
35080
61680
44100
39896
1487
12551
38111
40077
21710
8444
44415
726
6980
22557
14764
38794
62188
64547
23036
26761
28785
64928
37837
16591
19671
42180
46379
12172
62989
57201
43288
25030
27841
16049
17701
3926
38746
63791
57742
3159
28334
16738
29034
12808
61323
14614
38594
38777
36502
43220
4687
5553
27659
7165
18864
38720
18981
5104
56616
7828
13390
46075
37519
10933
17640
46339
13386
41020
35652
20655
39041
36484
51918
55594
9402
1249
5947
50544
35398
61607
12544
41599
16757
55687
14213
53882
22968
7332
29543
50240
34065
64397
54289
45360
26139
46307
36330
25098
62045
3836
35717
50688
28250
39441
13547
9334
30403
58952
31949
49740
15976
64474
16786
30280
23263
14683
3653
7682
35312
46992
27588
53618
25775
11785
8263
62371
1757
12275
58367
38076
55450
19555
25690
32833
5880
5817
49030
566
23831
51089
36841
45656
52831
42762
52289
19525
13112
64491
40428
63375
38506
63354
48178
5603
62529
56618
16999
64396
13909
13669
19364
27132
2446
52149
10245
11982
26192
28331
30086
20561
42266
24549
40306
19777
42442
63852
58324
3343
14495
22096
63741
46868
18037
24656
44414
63714
57497
9570
12867
57515
38064
17596
2833
32488
6347
36923
22492
501
57446
19047
46796
52495
6993
31268
25848
31672
46470
11992
56968
61115
40328
59173
62708
38200
42578
42850
1463
48537
16623
47975
19331
27948
13145
52897
58573
44230
37878
22409
34177
37624
60986
27266
26584
25592
50690
55096
36910
23288
25573
42576
55024
25843
43311
61157
63803
2044
58654
51111
33904
63623
38717
31022
26120
64573
14615
44139
12511
11320
23619
12208
44923
16729
31282
58215
42316
40360
34540
35743
254
10728
42455
3809
42590
33696
40448
55390
15192
38391
22327
51651
8772
26973
46579
17322
55476
53176
13273
19999
88
46709
50794
30702
29942
47397
13355
24162
34369
29562
57555
10643
52799
52148
4129
49422
63477
22674
46405
30585
16172
29272
31857
53369
41071
30517
8994
30990
20080
51182
41491
41200
42447
49557
43588
43925
27499
32967
45759
50943
4397
57746
22412
42262
52065
40992
39497
43548
34992
28314
33210
44250
28321
65469
46626
37717
10640
53953
39574
54978
61746
12812
62308
55409
38756
16605
7921
11981
58785
2774
24365
7445
17131
29845
42582
28252
44297
41080
38519
9568
27591
58348
26822
24885
53768
8443
25424
23016
54526
12964
60746
62527
2364
45100
49875
63509
3260
5837
32187
54620
34646
65385
62057
1809
38981
30134
64668
5907
48474
6796
5444
32721
1130
6376
54590
30128
26367
49265
31669
45117
17577
3323
8001
61092
9943
42305
51764
26057
34193
47389
55083
55770
36848
44352
8948
1025
9408
50698
2635
14270
64205
49180
44964
28708
37877
11245
64445
13862
59309
14793
62831
2301
16620
15581
29089
30091
34445
51684
35317
42632
51402
65333
10268
59383
31128
36284
48807
4391
14803
31463
63210
16961
48227
64650
44335
37589
35916
35369
37784
65169
5944
54179
8101
33322
39762
28958
58222
33390
14356
11557
14956
33543
65124
52233
22758
10142
57860
43730
31875
37793
17684
16725
39726
63289
34042
12941
53362
19656
57789
43791
26078
59128
15333
31513
29205
58747
19065
2523
14560
18110
63455
23199
36869
55667
5238
42214
29311
29122
34967
39139
13368
58008
2008
44361
954
1909
42361
15387
2924
47270
58562
55063
29282
11773
50464
59976
14183
33260
24645
445
31880
47840
26976
65042
24762
18310
12087
48069
9355
26669
21270
32382
26260
55779
8990
53879
50029
35927
63942
9275
37312
35688
36924
26812
58601
39016
3896
28357
27789
19237
38952
40613
8928
55560
37566
19716
60449
23002
34560
38761
44051
40043
21739
51531
52650
17906
41164
41453
18441
51700
54361
29985
61353
20500
52408
2766
40526
39413
5494
10008
59599
20831
12881
48356
7145
26062
32359
38183
50165
52758
5101
32450
1379
5974
63036
48108
9085
47523
49415
4330
22872
56544
20186
2752
62880
43410
35674
12517
56430
50011
41433
43534
36714
49494
49835
37527
8705
10919
1521
23616
43253
6072
16654
54969
3151
10660
45889
35193
5626
57500
14973
5458
52982
25679
3763
12886
2271
6092
854
53566
39157
35521
45010
58282
16667
4279
11374
47411
523
49369
1184
51620
62627
54146
11068
17959
28358
16334
62854
30108
39710
60221
41985
56208
27628
281
39745
53576
10391
17327
15377
55413
12242
15194
25797
7634
37086
12167
54009
44854
42344
22447
40880
4866
57037
35154
60400
19856
16414
13022
11899
25149
7745
10180
31279
58419
23763
18898
43732
49855
35907
40504
14225
6891
9701
8135
27301
63023
50063
8196
26425
38391
41588
38249
64377
19921
7874
16675
5505
44302
3519
39892
65211
49867
1675
15621
44282
50789
41127
2546
1696
7302
38045
29641
40119
7625
62376
34605
60115
46385
18457
16818
37949
40600
52955
31362
43390
31170
17251
24107
47260
22989
17776
20090
46905
36478
65233
24377
39357
24885
4266
14823
50635
16258
25582
58152
37021
3550
27070
12397
50387
7156
40211
59672
18355
21484
43332
36023
25249
6324
30225
29049
57492
5990
47922
12413
4558
55983
41120
18891
59096
8886
51528
32512
1475
41636
46866
11338
62042
3725
49927
27878
38072
57490
30074
16549
14780
36006
17141
23090
23262
1792
46451
35761
37435
3394
64080
2395
8315
24221
45209
47496
26125
1519
40067
28129
16534
21530
29132
43395
61566
28693
55596
16466
39616
18654
49745
29789
29163
53269
3372
14267
44386
57247
35941
27709
52
55071
57773
56601
17157
36615
27865
19623
46304
31476
43938
13606
39208
16220
60357
26550
56694
24405
26504
38355
18646
62814
7445
63631
9046
61050
26437
39092
6953
43968
32586
62047
37650
21091
25235
60028
25775
11985
30948
53143
31566
44195
52377
38300
47671
46485
39894
28453
56004
58558
36257
46934
47698
50055
21016
43009
21761
58393
29901
18715
15335
51895
23236
61022
2904
12271
64607
49674
65
50790
18709
39056
52366
40088
50105
52039
50967
41105
16162
3820
49244
2902
24729
12235
8110
889
6535
55853
63734
4722
65187
4650
53735
1908
17410
15920
56488
18594
29907
41691
60153
51198
57719
11533
17085
32173
54956
39441
11738
9500
61858
60819
60505
54674
45172
31452
34195
32470
32880
16908
10076
14157
41010
11614
14831
39353
46024
39309
2782
34132
24489
3073
50954
19302
61946
55110
63090
21084
28045
28129
35020
47737
63795
5053
47884
31675
28895
28195
53530
65058
62285
53718
26621
25242
9972
63241
5309
54956
20090
19706
53806
23492
43837
45754
34843
31780
2969
52890
45265
40197
51022
24268
19116
20354
62085
5304
48505
57725
52461
29321
13439
9963
12022
59168
27408
51119
31806
63530
50336
4116
13483
1487
45924
16437
35063
24802
43781
12316
16621
54823
61338
48560
33268
29216
25422
42616
64317
59290
52931
11125
36642
43810
19611
34325
40178
35912
20937
56030
37221
34925
41918
50276
39640
48295
59459
48558
36632
19675
55581
57370
64365
15260
57488
27787
18152
49705
5773
61018
13570
23061
46621
35539
42101
29341
14661
12844
19021
4510
63363
51860
55275
32890
41287
45566
58345
52793
35234
40418
7437
22655
37153
35439
16768
6388
32754
31999
49796
65477
46077
39617
54004
4357
52953
63674
48622
42703
2042
26827
4402
30511
60296
35599
35554
2862
40966
60106
55885
29558
17070
38559
26733
19797
617
37979
30764
20808
49093
38904
55857
43406
42217
45029
34007
7007
57819
44533
62857
49050
52268
63364
23520
27674
50234
530
50310
20869
44885
6729
51522
8128
16991
25449
43976
52516
19030
63041
44204
63682
48561
25762
60828
60056
36184
34131
20437
51814
32109
45140
17184
57681
4901
61810
4691
58325
34558
63784
28864
409
17375
3327
63199
19994
23252
55735
12263
24479
17413
63457
49566
6550
7976
9142
14902
10463
45208
49507
22531
30963
6664
1776
58703
31998
26207
30092
22473
9837
43553
64057
33562
22797
8284
23471
16251
16924
43889
35258
4546
38907
12334
61870
46895
51825
57478
61952
43846
33639
46766
56395
28245
56354
12964
37912
62667
31821
17558
26381
62787
49959
27395
16283
17861
9616
35555
16244
39007
58079
23346
46981
65046
10260
47247
1500
6428
14408
21668
9600
59436
29604
46240
16763
41360
21936
61884
30867
33506
41809
35578
18455
53786
8053
28965
4178
12729
42473
53027
34397
36921
46299
11349
10195
19827
5541
21012
23978
42540
45427
5298
20229
58027
24755
13616
6682
397
13356
39639
3509
54347
56549
3428
54073
57354
44769
14417
38804
13883
44028
17787
36136
64802
53833
40583
15963
3133
49557
63233
65040
20310
62013
9928
40765
16786
58900
1727
5927
10619
64434
47992
44645
28093
64536
1509
26374
3265
33643
58530
46405
6837
40422
49195
8605
57288
8573
20788
46619
8446
63315
35497
42903
46392
33202
37553
57959
59346
17692
55691
27937
58084
16735
5485
12292
54662
38928
44396
40372
50473
37879
17429
48593
32797
33566
58036
49999
25236
49581
7377
30309
58268
17521
44200
23675
20651
54019
21862
27811
18148
14653
51150
203
5972
48980
12570
25604
53396
16708
49099
15869
47033
1774
34253
27150
48753
21146
62356
56454
39585
17803
19556
60586
16411
36683
9428
36980
60779
32223
57757
5285
31769
60826
13226
26361
56226
19741
46860
32558
36333
30561
63803
22041
25105
40318
8248
22151
27246
39936
14452
16150
4633
1570
16484
41900
42826
24237
22553
28196
56302
37795
58860
41271
14428
19143
40725
6736
39470
19538
63249
10320
8658
42680
28964
25052
42981
55195
44184
54637
62198
52097
64258
37218
20633
6077
51813
26060
16889
18984
33836
33074
26775
46283
5228
16338
65299
13771
51787
25055
32472
62691
31675
63458
53187
59579
52618
456
53707
29080
42743
27003
18689
20291
38058
48369
51361
11778
47692
52360
38996
43740
34977
16042
36854
20493
19938
306
64281
24466
6575
33208
59708
64277
54452
64956
41282
53804
40350
34633
60614
9622
58731
10651
39855
60650
30349
623
50165
5055
45483
60869
29152
54181
33611
47844
29400
21103
974
64422
10111
65006
5418
61332
53339
34058
17491
27979
22810
31051
6951
4050
50760
26086
5403
10489
21151
21644
19920
47454
53765
28002
23929
9770
47507
37337
42527
24603
41620
56868
51651
2970
53076
13746
53333
29834
47689
55982
64256
10447
13975
3938
10597
32841
56118
28209
26220
18504
50746
11506
41267
29890
1487
50320
61269
35868
6924
31950
51511
61281
36181
48855
14770
27852
28184
40767
51593
45790
8638
52580
54539
22688
39905
45575
46909
32142
37560
14416
14270
14473
17793
37971
38433
60511
49120
35297
18600
2165
50930
55030
60701
63905
18000
9099
26517
9697
18401
6170
54396
36093
35255
57308
25799
52590
64341
11397
34089
31798
53839
1559
14220
38737
62216
53309
29280
971
19501
25919
20595
5899
10438
56907
29418
8560
51439
1784
30415
14859
6491
26851
59970
8728
14299
16972
25113
11868
11558
20870
45828
37826
41816
588
22841
27572
60981
11116
49015
15333
31711
34376
13291
21987
14448
65478
19678
27479
53594
11748
50904
14894
42018
4418
31848
48022
59675
40296
732
46455
44849
39668
62904
4405
37650
1620
55846
53862
62180
34181
53583
40225
1562
48838
25271
13862
47973
12478
52243
13036
22369
54666
17832
39478
8491
3081
25304
34713
29479
41649
842
11529
12901
5688
10137
49570
49845
14139
53799
46938
30300
15561
44640
13992
32643
24480
61217
50694
51923
55424
27268
55315
9267
28355
29341
42889
63557
4583
60502
37081
34399
12011
63148
20994
56448
51614
62841
4789
60773
3227
50277
56919
43790
22532
41948
51444
22661
24248
64145
39873
49171
45177
5857
48480
58943
64554
18024
58935
9730
27093
60522
329
25371
44121
26018
48267
1958
12414
17863
48014
54082
17459
21882
53875
34490
58549
7463
32190
29674
50148
722
33431
28643
48759
16213
48916
34219
287
21774
11849
35568
10614
28362
21022
18386
188
54946
3838
11994
51638
56688
45309
49361
40388
46660
46960
28294
1841
1685
17515
13667
18346
15235
32383
59447
38985
54907
60753
14063
64698
38812
29740
15241
55558
31737
97
63174
43265
36807
56262
20331
26460
23537
38841
2539
1971
63145
5644
15754
12636
62234
30888
2306
34387
37946
24669
53545
35517
5531
57099
63536
23529
14939
38123
45341
45160
43611
50792
36060
15565
1826
15744
55442
33587
2964
14755
18037
42182
36829
41953
14188
95
43648
34776
18316
32088
61573
15846
40754
17576
1809
17383
61681
8895
32780
2182
2414
10021
48069
9723
2022
22876
5669
18354
29305
16614
21532
55626
53287
3003
27948
6751
23817
14393
38916
3308
26046
62919
10728
40925
57622
10140
64620
25062
49973
48723
18520
44071
64813
60571
34725
46669
59304
45909
39980
26785
35749
27337
55886
64657
24888
52073
37559
59511
61938
60749
18973
53089
22450
28889
47171
64516
32094
54098
16155
29234
31526
13481
28653
34710
10639
39038
55787
47866
45293
39889
21575
38336
45447
63830
28533
19795
626
37664
39474
32284
45578
8679
60282
29380
24720
61127
17508
61161
49852
43339
28144
30045
42633
8566
25201
16889
5497
22281
26941
61589
18506
22135
60194
57264
44747
59043
33523
38510
54388
15677
44580
9274
19127
51204
37584
16901
45384
49824
35375
53990
23026
8462
5278
31645
60522
25003
52564
45743
21692
27334
55771
49003
53448
26069
5707
30224
2245
48384
49411
18571
24987
48337
21887
15808
18028
3823
29390
43006
56688
40664
36698
15102
24346
2278
18203
20966
4529
64391
16762
60976
38323
8271
18049
63172
51182
44254
39404
32430
63578
10744
6298
62604
40565
27024
40476
54701
63620
18745
3439
11617
15389
18791
41068
60614
41591
32530
46197
17429
22569
51548
58203
28273
57606
2916
60963
25021
26144
34660
64352
61116
49702
38655
35731
58671
62907
2138
57164
39266
15124
35125
25057
22742
44627
60824
22060
44988
7517
47374
22322
2391
19165
35918
48838
26944
44522
5530
52879
27806
63740
45346
55019
27731
52580
4268
64981
28098
33333
5518
20760
37196
46927
12546
4004
46328
12669
34542
53043
58720
9595
62432
22855
44378
539
23709
54101
4178
64350
23510
230
18545
6080
49286
43597
25035
50661
36642
9469
13279
811
59367
13785
22000
59304
44358
65354
9620
33476
15500
64713
38044
35860
4682
20252
27194
26249
40027
61355
59146
54368
46324
55661
6625
6959
80
19375
36845
54037
46206
64505
37394
59850
48019
61468
6968
44894
63535
4851
58885
40640
1155
36360
118
44548
43564
56080
55473
61100
35120
7006
56117
49407
2408
42119
54258
31716
52861
34144
3430
57045
7626
16038
40670
36270
53286
32103
62390
31551
26830
13488
10799
62635
36005
23963
2074
8636
36424
58141
31500
54119
4643
23968
33234
59319
55087
26847
26029
58539
24639
36804
3400
30664
17454
3985
53713
55972
3742
54836
19981
24317
18695
56251
42450
60967
19951
54327
11925
12761
16324
21086
36220
28005
52965
63817
32152
51777
3668
20952
37459
5257
57023
865
43686
18900
3160
61833
47938
41862
24561
52831
32205
52591
32719
56097
18302
13805
32128
17202
11042
22602
49159
65529
6116
54908
1752
10928
34144
5068
62769
46316
38250
12217
42330
56915
48863
42297
34520
37092
58951
37921
30726
59753
52549
32662
20757
16129
14168
64396
51894
14551
34034
18992
23051
972
33154
64019
53104
58692
16230
43358
52986
20014
42672
41673
15234
43806
10408
32156
37827
27673
21307
48556
26554
14599
31935
13175
48511
25153
49678
54467
7221
10305
28740
2770
61426
42213
28644
43929
8212
59457
52494
23342
38349
44992
12613
55
22955
1287
29704
7049
13123
57945
26209
29240
29354
10721
33537
62946
19311
58422
19438
57866
19663
53717
63526
54669
29807
33313
33664
61233
52975
61245
54851
42645
17095
758
2482
64040
46768
62545
3299
26411
55901
10874
6184
40929
20194
61899
52212
25339
59762
64353
5822
13087
30105
10686
33249
23570
640
23953
60014
217
1202
53360
49674
22060
8337
29961
4080
45307
33652
62614
33622
63916
17893
49757
51531
48712
45478
26925
31401
34805
61861
29848
36753
59213
47121
59692
63944
63312
60797
32933
45237
61407
50599
34729
47071
15446
9651
58343
39464
32653
16155
34271
34335
12820
25967
19969
26238
46891
8561
18995
9037
23005
33219
14781
31754
2373
64421
40210
34818
30683
26295
46367
20245
21184
3348
60937
17696
44255
45949
9934
17478
59292
42072
42362
17934
13251
42645
58158
47103
53161
35842
54086
23143
18175
1117
27852
22194
7099
60817
24623
45492
52597
1036
39781
50915
38836
15345
43853
2274
47933
36406
39017
57343
47274
21770
2069
20576
41850
28003
64142
5690
44724
35379
26671
41006
42072
50673
45162
32685
60720
15120
9377
31232
34993
26381
8533
13901
22196
34080
11892
32077
34633
17347
26000
60523
62020
32430
26530
64325
18591
25501
32886
19434
8122
47445
23964
43355
5313
45996
26201
43229
36036
27347
6747
58522
1369
48767
31546
12280
14228
22440
33548
23421
45271
59798
31335
8547
38315
34126
44450
36054
2201
29484
6374
49725
15218
59288
60748
58059
63147
63834
8538
43884
62479
16388
27887
53638
38288
49151
25815
34096
27722
11822
16601
10502
49598
26196
41909
39286
41403
63109
17240
22343
29783
15090
58287
17906
5487
39182
30153
8617
63263
52199
41524
16610
584
49827
28609
3660
22344
41313
58653
27217
53573
48940
62549
7442
23485
8387
44412
59053
59973
39592
45788
5114
44689
44857
34418
57414
40563
37170
44734
4497
57888
41911
46125
13553
51687
5170
45329
23289
21037
29211
62056
1633
7516
30712
51349
39916
28255
37923
60378
22498
1307
63383
40361
44286
12078
36887
28908
39084
7437
35228
15395
46069
40924
62773
834
13666
53652
26356
47475
5790
4079
32313
21836
771
41391
5407
64698
33303
1734
49591
32546
58311
28495
30635
20845
46013
51617
57352
31819
11535
64583
17205
63458
29789
25772
47759
12971
10129
64790
17039
39022
4756
37741
31614
49662
47967
43907
14626
16629
12280
3402
35233
29323
46613
7117
65486
21334
22979
50502
50497
26327
51860
47142
53319
42304
19265
35456
51220
33064
41702
55112
51925
59233
6647
25285
23655
22650
2256
5938
55912
35125
32310
12708
60818
15129
3027
59954
6995
55978
8025
36323
9189
19397
54569
28959
46419
26000
3581
31089
44147
30436
43127
20388
64867
5736
19961
28792
62499
63128
349
10201
17107
35821
12643
19480
14612
8793
9332
56337
54267
26017
51756
28132
2188
55868
63859
33336
15048
22646
12144
45205
54771
43700
13900
12607
22339
39438
49391
14444
53936
23497
52002
64209
26650
7507
19032
30932
14430
5097
41400
39672
4329
26706
36011
10451
44672
60419
30125
41778
7279
38282
26069
62001
23764
64887
24590
54392
52015
53482
43454
64674
24763
7953
55274
12098
57911
49792
37909
39096
62805
46021
16428
5152
38864
20340
25841
29592
9777
20165
16833
54633
47510
24075
31534
8766
37291
41520
21591
24778
7139
59247
11765
47637
2248
31033
8173
4741
63799
24882
18337
41714
31903
13429
38515
32145
5934
49645
43103
25329
48984
50208
35411
37303
43847
21479
4386
30296
54633
47135
27521
22003
22934
18007
2763
14088
47934
6279
12304
51392
64461
11322
39161
32533
29552
41181
45091
57268
49400
22445
58978
43554
39509
5315
40636
45602
4768
18633
39007
21009
13242
23540
40604
48132
10600
14318
25140
2505
4361
27112
38918
65008
4919
19151
35637
52069
25067
39688
11278
54255
15454
11363
28024
20083
2272
14558
28576
28719
29989
65366
10454
41573
15336
35844
59518
43649
45704
59936
56571
16058
35518
62565
15631
15771
22271
46859
11093
17457
45735
6211
35720
34243
33481
7936
14548
44909
44185
17247
43048
15890
45040
51913
9694
21846
57455
15369
6163
31653
17003
16127
12358
24940
22323
31750
20777
63988
32940
52007
44496
20892
6864
53120
46470
48294
40925
12974
31067
58244
49636
13699
63194
60473
1187
17058
38275
20105
62257
23113
13909
21841
358
34452
53495
1119
41
11159
45121
48661
5177
23646
14456
56581
16097
49394
19959
41942
32699
32623
28061
59199
55577
28930
50417
10398
37100
14550
26013
33064
31651
29903
17328
26489
24329
17382
420
4652
65168
33425
32808
46864
28661
5751
50913
64917
40430
4726
59326
58461
40509
50467
1199
12430
22636
22244
20435
22238
53912
35853
32398
802
6963
47142
14598
56712
16129
48530
27259
42774
29773
36290
23366
9760
52211
6343
39312
59246
49449
36721
21656
40625
52934
40954
85
27055
12447
39029
22306
51735
49749
55735
64181
33022
64978
30267
46381
46938
57179
7990
24877
3889
58658
40396
61793
29875
21681
4558
33498
25090
29196
57154
31986
45195
34859
57762
14415
7224
12021
50307
11491
5501
33598
23111
11224
33089
52184
53883
64260
31679
22488
12018
16629
10301
15211
33486
20944
41801
23819
12691
57808
41068
46932
14047
20849
8228
24548
12185
23675
2121
28927
20158
28972
26390
59651
11821
45926
41558
22600
35781
53219
23899
55099
29646
26695
49431
60212
40818
21606
11662
41947
40518
30464
39162
17723
21937
63553
53527
51478
24513
50879
15347
33615
1237
19036
31620
11072
21059
1077
63051
65155
27083
36823
14051
7527
11540
6531
30455
28699
64631
1713
42949
15872
17505
49603
40982
61520
42323
33728
52316
55488
2391
40001
8532
46531
26705
23960
48482
45326
54207
61959
58348
34462
37922
21503
37387
40688
54834
27143
17104
45127
28984
3971
19391
28260
3097
33236
8229
39411
1377
43164
41680
7053
50837
5741
62374
50857
49120
50205
37788
28707
7874
28178
58783
4802
33105
23222
13150
38061
7524
16420
8351
23293
59966
25255
23596
17548
12769
2940
44415
62362
43330
12683
54012
53630
43168
39685
17959
21639
27309
5240
57092
23038
35439
14690
19716
32664
44966
62509
46023
59534
5999
40637
37462
8135
28714
37127
17200
33224
64748
47256
36556
29141
14229
64555
2864
20118
33007
7912
34365
57510
3716
29162
36539
1863
47576
22349
24991
44851
47840
34102
51088
29705
45787
16813
49782
28261
58940
24321
60121
44142
4380
57201
24431
27107
65386
11636
39557
23670
18826
44972
41500
27252
65201
54973
1422
11351
49728
21374
57635
59923
24843
9682
1280
26470
50667
12110
54884
45498
37048
10913
27547
15757
4480
38521
11922
20939
39657
37347
39164
32072
319
15817
16226
50417
31673
43760
30046
37453
39893
50431
28478
17251
58354
58215
22414
41522
18891
55424
37868
8740
610
2913
45018
7698
61228
30359
29441
9353
40334
48012
36772
62189
54172
16925
120
46674
61682
10956
1331
1905
17740
17990
35568
43999
17087
54713
25560
31322
20132
17422
59165
44718
52338
18356
44051
15966
33649
53152
33534
14776
5289
21976
6646
33700
7760
27008
51024
51312
13079
32976
37975
27347
65209
9420
42560
46117
42323
23762
48929
49822
4046
8455
36086
16705
36910
63981
40306
45088
17253
47598
62292
3606
11354
34621
51090
42639
6344
34098
13552
193
9021
19871
29190
21310
36778
636
59632
57826
22818
44592
21213
20315
36827
53034
4819
63418
26290
54253
62099
21191
55324
22001
7845
190
56246
56359
8281
11065
27200
40593
40706
37957
51365
44070
56343
25417
31755
18975
48628
14582
39055
56486
981
51919
384
51668
7491
12967
37048
59238
62011
22418
51248
14616
12989
19002
49526
46013
36455
64345
28999
12719
45317
35662
36290
21964
34511
48291
40216
17057
12851
33742
47794
38458
65511
3189
17885
51205
7392
42092
32077
35257
20855
38680
46727
54218
20403
36910
31014
50022
56948
24754
17746
49367
16538
46017
64661
6595
11052
35855
54145
23225
16572
19130
26207
36884
53640
29944
41754
62559
53690
22527
26746
65373
33330
22004
6856
53632
8369
9327
32493
30729
65012
60231
6786
17282
40098
17081
36339
13006
55043
62609
41927
8703
4940
52033
38670
7295
20963
10690
3482
13550
11880
25848
57873
27811
35085
42142
52858
39140
29309
9578
28225
24981
11881
4457
43666
35926
45248
58822
37722
10981
23378
55461
10613
44706
18163
9242
30468
63146
6489
9208
43019
29201
49114
10863
52196
43451
16978
16834
61189
55599
7957
3308
32174
36476
23102
28405
3299
15586
1777
27308
54820
12327
61982
59129
45970
55934
32084
18100
61176
13312
4717
17381
7465
36092
60366
18296
6169
26959
35505
30001
27870
27373
11358
21946
53803
20610
29602
44174
25593
12240
8179
19541
50728
10708
28527
23205
4084
46684
17644
23330
17405
63780
17268
29922
20927
61185
62913
25535
51309
59072
14939
52787
38581
8612
37183
14175
63342
1954
59655
44911
21228
47262
3498
29514
41652
45161
61217
29720
53708
63127
28293
50853
58090
41089
35379
64308
21463
10800
26147
41059
10087
45714
2026
9107
57491
3281
20667
47387
59927
22730
39024
57893
30231
31059
58351
33548
55166
1445
34735
25425
12997
23370
40682
6874
24336
1097
49189
19248
50686
9578
48533
21066
51981
40626
54276
55662
8019
8449
42944
62940
22363
41532
10559
10986
57647
6171
29359
678
65487
53598
46643
29739
33864
11127
20978
18306
25902
55723
14398
2860
59160
30143
55191
34523
3626
50577
36707
51485
38611
922
35949
43206
54193
63823
57505
396
21564
39920
43107
41013
29735
7574
48133
12439
6144
26341
26302
54153
62444
17488
538
5201
42640
39838
16278
54574
57830
40143
5967
37130
15104
52543
35874
52318
58482
5845
34457
8641
26012
48945
31877
12715
56011
53813
43173
18814
44280
49682
9578
16669
14640
43947
5777
13781
58761
25281
14361
40814
59166
33917
4523
20571
42884
41110
36996
24962
13045
42623
31903
47037
22500
26989
29819
7064
50866
16512
15093
62650
44507
855
49247
26443
30888
19553
65449
27924
42114
61156
35570
28033
45402
988
64248
58162
46322
14823
61769
31641
19718
49542
16505
29672
11865
7232
37563
40453
28302
37447
23515
9612
51447
3895
56337
6405
2349
61894
38377
64024
6251
30487
13282
54897
19999
36873
5141
55151
5718
20294
44924
2129
53079
13859
9683
16064
24098
61290
51428
519
16449
25028
37047
58185
52933
5289
11025
55744
47848
56545
1959
44286
37622
58296
18375
58984
26439
19857
59809
8766
35302
36692
58129
27329
19577
26986
35150
33475
12113
28459
42034
62786
33148
11562
49547
65428
31613
62815
56123
11676
55828
59843
31248
28992
17747
55205
47722
50032
21362
21397
34502
27277
30509
60959
7665
60569
8593
9249
43810
59037
46902
45296
17497
16565
56481
56173
47443
15229
11981
37330
63379
64904
50095
4480
28458
54998
35271
61286
41886
62602
28992
31229
65342
13933
7311
24497
8721
2279
5950
727
28357
58568
30643
55067
22452
6042
23554
21948
63518
39351
59773
28381
15292
47963
22481
20858
42193
13216
2685
56116
23857
52521
38965
4250
10379
23280
59220
35031
55997
33292
33949
52976
29480
15225
17799
60648
61080
29041
8166
7322
19369
45856
35386
40543
215
10898
34816
35325
36997
25211
20438
9102
2107
46867
24524
28272
6275
29048
30816
39188
13080
65297
37848
65414
2433
24312
15341
12873
21103
13237
43105
45507
4545
47776
48471
42885
27926
54494
40015
52411
28746
34219
31558
26061
55863
27033
23427
49157
55615
55433
51283
18180
60810
5627
64894
40970
27423
15934
10140
7472
36387
2834
2413
34831
24870
20573
51991
40374
5683
50442
49935
12143
21271
23693
57875
1346
38730
9092
18549
38819
65155
27494
28663
16739
13689
39585
28590
22799
17367
6480
17314
24327
21043
23961
19886
29256
33792
60807
20220
1785
22538
40212
19513
18800
50217
15496
1856
42442
40375
22734
65379
16055
33080
53618
6727
3529
10245
40636
30854
24599
48159
56100
40007
49277
8513
46610
49223
52008
10200
49846
47958
8241
49911
20058
50200
42593
57895
49936
63421
19561
31489
36794
29578
46416
45503
23476
41796
17264
37240
51613
3782
32323
36398
64139
12833
36334
51200
37929
65445
56586
49133
64312
53607
22881
33490
49897
31930
25228
17364
8435
17402
28459
36687
50853
26080
14535
49400
11026
45529
57313
40916
21659
15170
12090
1466
47694
40550
38850
65368
37841
42775
33847
44104
40707
55858
42762
38407
55391
45781
45673
51094
34308
63291
11288
60916
46730
22773
1877
45265
1716
39625
1020
3408
41433
16625
29818
43775
60624
24248
4470
37919
6807
39965
5048
25017
6380
38835
25611
8216
11372
30349
60967
425
64294
43920
28398
18751
7462
42534
41704
45891
52992
20493
59363
6474
10760
39513
29834
53642
59739
26005
14713
23284
52371
38460
57704
6096
57188
51651
54250
27343
22180
35174
36967
63294
20832
36225
28999
13628
46698
27216
59
9321
53623
46717
25621
3100
14726
12306
26027
14398
34571
56600
43024
58007
31641
21799
16077
51041
6901
31099
56941
35931
20526
58783
59797
37231
32475
4190
24084
30427
18524
44066
1560
49293
8906
34920
7002
7598
42419
11741
44065
54261
16460
23419
1228
37347
47579
41805
39220
58699
14750
56343
7831
29337
46181
1955
25250
32615
43743
47729
2226
53655
26435
35431
25751
44906
50507
49314
19433
37866
19380
45942
33499
43541
27719
58260
10998
56729
24958
18368
16437
16446
31987
57097
61809
43527
51784
10889
33047
53754
46134
21561
47649
48035
40553
65138
47472
49170
4321
23592
19420
39794
52819
25000
24628
46677
57360
31999
26358
26221
22989
22502
10338
13593
19430
49605
56277
35225
5028
64354
10805
31044
22580
30253
60086
62184
19221
62088
36144
51062
42967
22452
60789
19290
40765
54028
51830
45186
34604
4251
23673
65107
41339
28319
158
10252
54877
5318
60456
31195
20884
27224
16126
49684
29237
7451
34643
28081
10896
6260
28610
5796
6841
50259
64817
54598
40894
26507
3482
47247
9086
20088
37276
57799
39163
27356
34968
5576
35512
46068
28364
5755
22645
54816
50021
23580
17329
26321
38931
31131
58279
32105
32507
29075
5981
56636
32814
48693
59410
52485
39693
47808
17494
35675
17082
30927
27674
55141
38460
8519
13151
51634
46628
57187
31247
8299
9701
28224
29906
48764
53626
37997
30544
22692
38946
37781
64041
39271
31971
23103
19737
200
12162
36072
62700
34027
65079
44734
6799
44110
13799
31425
44254
28869
16495
64996
52559
41091
40320
16270
15105
29672
42676
11421
27198
29908
31829
1154
43640
48031
39349
25997
40408
40298
32892
7153
52528
31455
59475
16968
9037
3924
18699
51370
57936
17576
60435
16683
13901
52294
7502
34396
11819
27211
18329
9002
13068
21769
27757
58817
37119
50628
47280
36827
3177
30587
9688
31512
14770
54899
18740
64655
28732
15061
30782
39904
30948
60969
44482
21429
18347
48431
39359
24135
48865
47343
1979
38885
19772
39847
25327
45851
40719
5480
29159
40965
14340
55061
31428
61715
31276
1010
18297
31962
42286
62392
42304
47421
65248
58846
25864
14064
7311
30258
64567
58049
27953
46672
9002
61712
63840
12851
54560
34731
19953
39748
9973
37210
43330
16154
29749
29296
57956
30363
39542
40063
46120
58144
31240
3759
52440
20201
4577
40428
4808
2855
62946
12194
18274
51856
27729
42668
35570
4190
13082
56432
7206
52581
41687
31683
19409
18301
62310
10538
25602
64679
35260
40274
40752
40937
54278
52520
38310
58721
45155
11522
15663
55096
16501
50727
36784
60601
17418
31572
48460
56675
53932
6262
60747
49131
64882
37860
26218
867
23833
57696
46667
26634
54581
51441
25559
40311
19102
32810
32837
47435
14399
65297
54479
4700
59019
54586
17195
55521
57369
44197
47950
8486
62577
41193
25824
31759
64673
38252
55055
691
12931
53668
48615
31666
2901
30449
52911
47613
21629
37889
47890
11612
28577
64680
467
21987
37372
20213
64045
9017
57459
21440
13256
31601
27172
21609
22224
34238
18226
7681
61794
12846
28054
45168
52616
12552
31849
18879
23912
6351
6246
9741
63732
27676
19999
34887
35891
9202
55410
35911
1547
29498
25312
19260
4672
9901
59650
9828
53689
52686
1045
63400
28361
15015
23151
19771
4192
24971
22788
38550
13210
45360
50055
23618
17598
28518
64058
22575
38636
27906
41354
50319
20779
52096
29384
35025
63297
31714
31135
62808
28811
3957
23135
40887
1798
22542
44478
59487
59537
63538
16723
55689
42309
44844
24376
59927
49981
37637
24636
40209
60348
62563
45966
30949
2109
24016
40630
50296
29337
212
46752
5290
44461
33020
22576
242
39993
12028
48182
56611
56300
24154
64555
52608
53144
6140
36686
1257
14118
24129
20187
8332
10392
51602
47190
32504
41418
35242
53912
27477
21509
14525
62623
60853
42049
48841
12981
61003
51179
40321
62865
6053
47833
64588
34940
43737
58461
14721
15875
64478
58156
61008
41444
7136
9414
17860
42701
47545
6559
61519
20751
41009
60362
25092
62761
29811
6320
64784
23584
10214
51832
5195
2855
55255
19449
51229
65274
55607
65474
42789
16721
15042
30586
55586
57430
16412
27446
22885
61550
9627
27808
58137
33732
24740
60766
62412
63105
31641
54517
26650
34562
56677
9613
36178
17756
26456
1305
37751
29151
6483
9356
58946
25803
25289
59819
14671
62114
57396
17814
65179
58837
20536
31654
52413
42271
10939
48862
32014
34385
55116
1673
5786
20329
27123
53269
34984
58195
14426
22389
53939
3639
36711
33427
48290
49493
33578
6299
34722
1463
58356
44488
29616
58048
9489
40503
57066
51119
25369
57989
53914
54586
17942
61889
21734
57991
41552
22690
12548
19973
15469
40296
16692
7207
18609
55596
1101
30353
22054
49214
35660
40107
27630
42608
34684
32494
7901
37290
24839
21826
7936
59725
53651
56967
30562
47146
41016
57573
9195
42145
57512
59423
9393
55997
15432
39477
64955
60723
9728
44863
9134
2914
15561
62158
26736
52247
47689
4112
17352
49424
20409
25467
49485
19824
36481
2188
13771
48527
33941
42048
50369
4848
60545
40776
58936
60052
10504
4315
8793
35020
31183
43091
45125
45122
24110
11198
437
30766
38927
55349
15618
21313
57509
56312
40663
33341
18445
59179
48427
37031
3582
18740
46094
28169
55298
35815
43861
28467
23301
33751
34884
46392
27518
5934
21453
9664
45556
53486
41507
60014
37604
40119
22356
54561
23541
14189
43464
20906
41860
56168
59898
61496
47156
47636
57911
48208
39156
19714
61189
64674
61136
28727
34020
3508
42112
11895
43368
23751
6201
26321
60772
60769
45752
41303
17283
37709
37144
52020
49008
65480
63120
38391
28753
36260
7760
18458
54468
36028
56512
30295
21692
2188
7201
58560
38971
16088
10484
50979
15636
28752
47744
2686
15217
41288
24789
63652
4970
42366
995
5078
48172
44765
17104
14074
28596
7815
131
154
806
39719
64684
5005
53559
58023
37641
16849
43343
40187
51320
44729
29903
51515
24504
43243
47952
16804
45913
61898
21004
34602
59639
1027
18261
16922
63998
51750
19250
28006
63593
15682
32007
46848
45968
25512
3807
30638
40338
30049
10005
29280
43021
61987
27894
62435
17796
3893
8177
43647
7844
39723
11750
8397
39412
6473
50956
44404
8590
37056
58226
65522
62200
61717
62356
42253
1188
55690
49376
53204
51117
42514
31963
37618
5235
9431
9514
53541
14245
42599
48816
55210
59931
6999
33359
3518
6144
39319
13676
58947
43060
16764
14822
54735
10286
25708
6109
1912
37065
18654
54925
32088
60590
6117
28768
46774
50881
29485
5567
61158
2300
10885
61867
42638
51125
14441
61581
2489
43747
63150
18370
28442
28578
61523
49795
23797
38570
39632
13811
16960
64619
43903
1279
7045
46364
32358
9521
25577
44666
9413
1917
63967
49290
55319
13071
25582
58762
33841
4712
39195
11270
16116
45234
49845
47726
44825
62384
46525
31086
51696
33819
44182
51600
3136
48561
6175
2073
56811
56659
45314
58593
61624
25643
49598
41783
20101
64024
11987
9486
49767
35407
33429
48135
23931
55494
56091
28602
21017
36454
63330
43214
22428
10339
36857
21536
58636
38650
49099
56324
6778
17671
47846
17562
23730
20325
55056
26557
5665
28083
34747
28472
64529
867
37540
58838
1534
30340
40101
60898
28335
44345
26044
39876
64163
16493
11282
15761
40775
58199
61798
22999
63587
42698
57500
32926
24274
2418
23983
59180
29379
53112
39292
13187
17148
8829
33632
24011
12423
22750
63998
36152
31416
34691
14108
51107
30505
39146
7373
12124
8606
48690
59522
51067
6538
51576
12468
50682
7232
57701
15656
12820
10669
1656
30423
59809
48463
47354
4366
18881
48748
32939
37293
65047
8300
64298
10138
32575
31773
42188
13187
24461
39173
15336
27876
23729
54113
4245
57092
20073
43817
15768
39279
64433
46582
48257
50140
6347
46767
59064
47855
43379
44487
47632
7861
55345
54678
37769
35247
40172
29864
50340
41347
54107
32468
64249
3463
17588
6934
17845
42957
47147
23347
15492
46047
32700
11959
39063
5943
32620
43005
43259
19440
15536
31352
31546
37852
17613
39818
60436
60644
59687
9750
25586
23797
55262
47535
47057
1133
41392
39806
18632
35347
5104
23836
9835
62701
5666
49253
34398
16615
26476
1045
27755
11414
46365
11592
53989
16922
6944
64517
47719
58270
23354
60132
30677
60853
31032
49651
12939
42768
61870
10083
32685
2022
8203
54992
833
25868
38165
53420
13391
13721
62440
59904
37166
45494
44251
51252
7649
20202
14391
50896
40299
65257
51909
8480
33468
63454
21595
57671
2123
40172
20104
13914
858
2557
13406
33743
55725
62995
12805
54364
44740
55291
5955
49164
33632
46299
18610
45594
3806
15706
4947
14827
60166
43307
8186
22637
30806
43697
48841
12462
24139
29119
14089
8310
8725
3087
45792
63114
5621
7801
54218
4976
36670
43907
15187
55846
22295
47953
48354
59197
19716
56343
25771
59534
14829
30472
36817
47705
59704
18252
8871
44131
65236
15090
41947
10342
15050
28276
48264
41417
22318
12134
33698
26334
22745
281
41185
43056
53712
38178
16723
27273
36732
2629
38471
18325
32439
45280
50478
8754
10777
3631
34386
21236
337
64292
13946
46985
12074
15167
27427
45171
10306
38294
42724
5354
20189
20357
13411
65410
10321
20161
18225
60449
37861
4650
60397
5875
2563
59643
41661
40399
56843
58716
41429
3650
50212
22644
4599
16015
38084
8903
40482
63438
56413
8264
58662
3478
49929
5705
64685
9654
43033
30763
39621
51185
5903
49780
50229
35184
60591
21555
10518
34088
63711
16276
32236
4136
9839
47227
26866
59949
44347
9232
49223
24749
26493
41994
50841
42088
40588
6190
26320
62958
54091
59006
42250
15608
60606
41716
24901
42411
18890
61380
47627
25205
15849
30367
38627
45862
56537
16506
31670
52471
62815
50181
21688
64738
3270
3648
25541
30529
37959
63509
10278
40161
33728
30358
52910
12731
55387
11528
40065
12370
26001
18850
63473
821
2818
48692
35619
35082
33122
31200
40687
22372
11958
50443
39356
50377
9129
44336
56779
14323
48393
63482
34898
9015
61050
64138
11751
14639
4831
56678
18791
51288
37693
32933
5573
50447
53046
64622
51538
50655
4068
24338
20100
51882
45333
13253
42215
28620
3506
24142
56393
48421
5452
56149
27878
38890
48969
22456
43819
46435
38151
38143
22165
14833
61292
45062
58879
4152
63395
32493
1466
10432
2609
59227
9107
44076
13979
16812
37408
21726
9027
22334
37132
24917
31260
10140
14862
1132
13670
44868
3755
9885
58252
12793
25945
26478
44790
17304
35033
18018
51513
43121
32095
29777
1982
60713
20967
20570
57637
40781
761
1955
1811
59607
10652
19714
60129
38047
3714
36461
34751
1743
49952
26844
5732
30215
63038
53643
19447
28537
56558
44482
38247
4024
62945
1313
25339
26891
31340
9934
54081
55035
42027
39284
39042
54775
60805
6233
59169
45240
15096
47917
21288
37816
59864
27772
20719
13331
38744
33030
3749
2248
60430
38726
1485
62253
33895
30818
52792
23198
54813
49754
5902
34999
21282
2755
35462
38011
64297
21558
45054
13824
55529
19022
54687
14450
22102
65231
25082
57450
8113
13853
39710
9432
8769
26634
61240
53457
34544
64756
28051
27790
46239
638
32646
41616
7824
13653
12192
24160
53606
4610
24843
43493
63503
44797
18651
48923
63994
53397
3182
57982
55271
11440
23633
7596
13729
62811
3414
10211
46960
42101
33253
17911
43863
58496
4536
56548
699
59523
32114
15736
2237
46687
53955
2531
24813
46468
6821
44047
11239
42160
35487
62968
5635
60880
47813
20393
56195
44133
49357
33277
12024
28153
36816
45258
46523
14762
52750
51221
38929
7124
11144
35475
23223
25728
60145
45831
58622
24923
8552
4068
47594
11368
13843
24248
64001
49755
55870
61266
6649
8367
46098
40282
37716
25701
60098
9363
50392
19468
37498
59742
31770
28885
34459
15314
47996
6090
1188
5054
23980
30272
41781
18598
8131
35297
44970
8082
21602
23655
998
39103
44259
722
62634
24919
20453
34214
48930
22394
43985
19165
55283
17711
21005
62044
30521
46387
37570
25332
22449
13898
45148
59686
40188
60117
21373
41056
35463
23102
25828
44320
25679
10474
60530
818
43593
48287
57500
20999
56105
45043
23482
3593
3118
34471
8658
47095
2149
51216
13967
54565
42831
50217
56860
12002
65271
42193
34294
21247
32795
464
53117
30607
39938
57247
19974
58733
51184
28413
38259
8351
49048
36964
24850
13931
56579
29754
23645
43495
52935
62548
16247
23235
12396
8902
43589
5039
15755
10554
608
37983
7815
59347
62109
62435
50816
24027
36009
13611
62290
26324
30717
21729
62447
17203
54703
16388
13854
30029
40783
60020
40215
42409
59319
42710
60484
46340
7128
35065
11260
53463
20022
56564
12493
34259
28282
17537
41109
21500
42321
40679
43985
35717
50161
6693
28196
21554
31689
48614
26179
26940
29309
20853
38590
31258
26450
12295
63750
50132
21836
56799
38627
60012
33868
4793
13469
21325
12522
27617
33082
5528
26598
2348
8176
6469
7261
57482
40057
57452
60280
46161
26308
44659
27913
3061
62209
13503
163
26410
46838
27472
49028
1934
17050
28579
25003
65434
21861
28531
53866
64652
5585
40551
13297
1935
57045
21675
18364
12348
45638
15949
54658
43956
59366
1457
27279
27911
7746
51592
49899
34691
37268
13742
11484
16797
50958
35026
54275
17621
4566
56281
29463
60865
62683
7148
35213
9548
3970
33769
43198
61817
3591
3232
35819
56462
49089
2471
26996
15015
20252
49259
11135
46673
57396
51377
35054
33562
58029
6057
12024
618
60525
1156
29169
3067
41849
32979
18430
61953
11905
48609
37249
36980
39031
43145
56194
24995
44308
33067
50093
2437
25980
57291
52752
56920
51360
37238
15235
11234
22526
46176
15715
62252
47466
62053
28401
27235
64045
38753
43283
48060
25937
62197
45315
38866
21732
54309
48486
33226
36540
47448
52439
9089
9746
39584
20531
6236
39622
14430
43382
64838
62112
50106
59469
4669
32820
60985
30584
2926
36601
24315
53580
13672
8303
24943
57401
52735
54153
16563
43437
30511
53303
49963
62548
3348
57582
3167
42380
10547
7507
6548
53767
39004
12807
16023
40454
45112
48453
48866
58036
60035
55057
17127
22037
61534
41134
32430
64844
22586
43463
10275
2776
38737
5222
59206
40501
57582
40426
3426
17257
40886
61634
7395
36490
50912
58037
35819
11639
28542
56817
59638
61069
30210
59418
34764
26824
9569
2860
59281
37446
54039
533
39290
27974
16456
54306
58050
3080
6342
182
46618
11625
39912
22896
1715
31054
60314
36015
12006
50067
64644
31980
56386
7195
45366
9765
29405
24121
15829
22248
59758
12796
33895
11340
61486
65144
45973
6275
34486
65061
43213
38662
63446
57138
31725
8199
61565
19796
40220
41414
22017
48841
29691
14359
36192
43627
54498
30203
819
26854
56173
61582
56652
50745
32970
15439
54550
22028
20977
26364
9037
50548
31766
8443
52536
1066
1744
15312
31154
27770
46061
36615
22114
18296
19575
36986
46234
57455
47598
41719
31167
48676
61073
50840
6263
748
43446
706
12982
22273
32668
60820
39576
29996
54139
8863
55270
9703
41623
30190
60395
23704
7080
40901
11380
13293
3588
40169
53086
18046
38556
4322
57006
16513
39666
63438
19056
29438
34948
1616
26867
8380
58958
18378
12548
63649
55081
385
24707
44559
29855
22184
22878
41202
14256
11623
6919
42677
21223
1135
8331
48110
43186
44294
59030
23015
59380
56872
58816
6639
34287
31838
60997
8176
44139
40656
30861
24295
58552
3394
15181
4264
32924
25461
62514
5307
50795
46106
13653
27813
7601
15278
57821
378
42939
34524
355
5582
37843
20543
3020
53076
24886
29771
52780
16419
10051
40130
41225
6697
18099
17605
22910
15194
48363
2236
13052
55714
19372
11818
64013
56710
21929
17032
30050
16959
8835
7984
45065
37831
36879
13150
40158
29959
56957
13826
20969
31156
7902
23743
19693
46523
26235
5484
21619
32458
46688
25526
23619
19749
10903
12909
55469
60047
41915
63959
42759
59023
8515
17307
46741
28755
32150
30857
57455
24257
63462
46637
9355
15053
5683
39944
47407
55889
37591
60122
6756
58052
57067
44712
49260
42769
32566
27900
44727
17306
51885
57512
14988
15018
8863
56840
19892
14414
46024
60591
56939
37246
21515
43746
329
11020
48854
31187
43107
59186
42132
5408
30506
51609
62866
34718
64421
30446
26866
31257
53956
4623
10330
63987
23977
29155
12638
50720
14532
20117
5939
48794
52262
15679
51839
12603
41978
42533
59712
52491
53652
12813
7242
51363
28499
6271
16584
16183
42256
60457
28602
62298
4218
5960
14993
5738
12675
60093
39391
32139
64842
11249
6304
10500
56166
42840
36502
38615
63941
49243
10975
55848
35611
21693
22325
2640
9665
17281
26040
148
35353
42306
3684
64684
44160
57882
58760
46007
28579
37835
6241
1101
16165
60168
47503
4225
55375
50949
54969
18789
63200
17250
57182
5770
15333
57343
55806
21277
25962
63421
10981
61455
57345
8121
30736
16719
46025
25545
54081
30634
40214
7645
45587
2809
54409
30909
50302
60889
37926
46548
9488
56316
12514
60035
60478
41472
39670
35449
24652
19950
3222
53877
58269
16801
5434
15324
7341
24350
31405
22955
58020
14290
43387
54802
11447
22770
55648
171
20045
19604
41889
33084
32266
37555
22864
30841
41859
39558
22206
64853
40113
15948
4516
47663
56321
54573
28197
31835
62551
2250
60152
26357
19675
47343
16024
35906
15597
48228
40766
30400
12460
6494
55045
60808
55818
18669
11775
52426
27653
9447
57680
58445
24127
56007
62490
21725
12311
58810
36018
16035
30807
57819
2293
45729
53209
16263
46637
25041
12410
16605
22870
65123
9833
15515
9938
21051
17768
49966
7402
23261
44050
46219
59719
9269
57284
48554
16913
1516
26861
55193
25119
57754
19438
13422
55112
16444
27848
6965
57247
5338
6975
32571
62740
55005
33365
60308
30654
7936
9017
19236
14465
51414
48330
17846
7812
11635
36270
65104
26431
60634
41633
45717
46498
62727
22160
61659
1757
18913
60241
8321
30377
36805
757
30502
32878
21235
19359
14069
30650
37016
32359
43006
52229
7679
38596
52334
43075
169
59880
3979
7332
12386
61699
45869
3716
12715
22304
51528
26899
2019
29657
1483
57271
34135
44862
3473
9800
50312
24288
39686
59900
37866
36165
55826
7284
11934
60874
31891
19060
33428
25371
62289
17899
32085
65453
47938
1605
34783
51063
29065
40228
11872
41778
3401
56411
32018
31551
2988
60302
61540
63122
16197
61220
64124
36830
16780
25345
10043
59310
45945
13486
54311
56165
53948
19370
38223
54300
51665
61608
26713
42900
31376
10142
48330
58592
26997
49328
53549
33908
31296
35331
50583
19969
22826
10348
54773
17951
7202
15869
25382
52054
5932
47539
40466
62088
44496
52900
35187
10391
32559
20259
9881
22643
61627
12581
24418
1774
12095
47118
3123
44773
41581
49040
14985
19565
27405
35291
193
5104
18152
25943
32200
34132
42205
26793
50592
7327
55910
18904
45314
64725
551
11127
5719
60001
24082
52975
44637
8050
41817
43916
21667
20909
49283
14077
21385
55209
3113
60153
33066
38539
35739
21527
17483
16859
48629
23748
16015
37624
64434
50636
37079
6134
56732
51344
25275
42196
32260
57135
60659
8837
52878
32587
26717
61256
16132
21131
49548
62167
2015
17784
59860
51542
9858
62787
55590
7309
52345
50158
21976
26428
23397
43797
12964
53849
9474
44573
52078
27562
43896
12993
45352
27897
929
15358
14244
61677
3901
47814
44221
44678
62370
52730
8361
23018
49112
46601
28250
52156
33992
28430
57648
23901
4315
6310
12489
45858
7264
29896
13454
44134
54191
55952
54353
45407
5888
32604
39153
6173
44737
43180
35209
2962
38316
42118
53545
19299
38792
42222
40033
19528
29469
56519
55493
1588
52643
39857
33867
34608
50615
25242
20428
5138
48437
62053
9932
5881
55789
32355
12929
50845
56457
39463
61045
41194
25291
62936
15043
3564
21508
44758
2422
10146
7930
30181
21907
24640
9761
21517
16956
47700
52126
60221
54234
61894
4602
14863
46554
16822
54820
45624
20454
49957
48291
5383
6525
19613
5530
54190
14681
27337
10058
33752
4717
33593
52729
2985
4641
46792
23772
56653
44665
48436
5789
12353
14874
25901
38250
55520
12690
47410
26589
27235
35995
59146
5550
64400
23682
22796
19096
1630
55626
51527
51689
7676
62417
63606
45506
13601
25068
8274
26561
38170
59194
41228
48484
295
60966
27168
6054
12906
39481
34949
6419
57024
27966
33475
25902
7345
19809
44151
48546
40957
40474
21704
5060
59904
31273
49539
46574
45380
57944
11408
2247
11619
32786
28398
13622
36341
63235
40828
52880
39979
12275
43462
4802
56037
53993
5961
48387
35119
43434
27328
15899
38810
33039
30915
6600
15988
4753
14531
3293
63597
58539
11723
50335
32140
43486
23679
47115
34658
2883
23084
63798
21518
29120
16631
1946
46271
6883
52434
26347
57524
8101
23368
40616
19863
57879
7293
53406
16543
37387
2482
23761
9702
18862
56409
39065
47060
21716
5528
51703
61422
26410
28281
41409
11475
7019
40139
36066
13096
18225
38329
61543
18463
8989
45718
8226
62704
58432
50903
20739
23908
13830
59361
15790
63241
30661
13826
12637
5123
149
62608
61511
28891
53634
62312
37094
53354
29634
42350
51998
12815
63698
62970
37712
14339
48364
2138
38273
2414
15035
23364
817
62073
65133
61223
20049
17918
18562
7612
5902
6981
48583
28200
25291
51774
21775
47267
60648
42894
2574
42811
5294
3595
414
45549
59098
52451
35262
15556
34511
32058
61775
57345
28827
63394
57709
18416
15145
11571
47637
17823
32992
45337
7286
26597
54978
190
43006
12095
42878
56609
23974
12920
50501
37128
41922
7673
53146
6149
27226
28074
29865
60260
30342
21498
46228
6303
29542
30961
13681
14741
33510
64724
33219
47506
26799
25993
26592
25856
62859
65363
55854
15751
40915
41227
58539
41933
56347
32202
35344
37174
6324
57311
56675
22333
5328
16112
48211
23578
16707
61390
60225
55052
757
6745
45914
23275
29978
44505
54880
53092
19228
47790
50092
61516
44060
54544
53469
47415
18127
6777
37258
53302
13550
50691
55173
59996
27021
18893
20847
52719
42782
58231
43377
33759
44896
10517
28858
41976
8479
1072
53605
7258
25460
50213
18039
49347
17838
61580
65097
3429
34190
64951
27568
53207
13209
64767
25774
19421
34936
19727
37468
65399
63061
7025
7076
14816
64187
21925
10643
25447
3867
14315
17685
28779
15656
22836
61644
16086
41683
17581
37089
37862
58009
43519
60605
52643
7752
45437
48293
57440
18882
62721
13771
46503
29180
32368
59443
58531
689
13468
42667
28613
48585
34622
39904
49226
12735
9633
44934
56704
24076
15744
50564
54687
14232
41371
18883
56909
5219
27792
8299
37270
21966
57058
43941
39217
48517
44996
3281
64844
41487
25810
64573
21984
44245
12321
54994
56297
49835
5200
14494
2745
34741
58333
41606
23201
53751
18336
25655
16948
57075
1954
16262
7644
36713
14
4449
1841
43101
25265
25917
26030
44035
54972
58113
48636
40232
12923
134
51156
6372
10012
36361
25495
4911
14306
34664
59053
27420
50165
22404
19413
42999
33741
44832
21021
54820
17975
58696
39800
20326
13233
20842
47920
19941
28529
24653
50218
23509
57059
23500
36726
17577
47659
17488
61272
22324
45746
55886
11776
39320
42795
36729
61604
17872
8260
60164
11485
38359
57963
46368
14154
34918
40407
35534
64733
22710
28510
29098
20197
44164
1786
29211
47221
18870
35109
49809
61869
28974
42236
11698
15359
5325
63915
29673
21272
28419
55821
59780
19372
54182
3908
62756
4485
20794
29034
21873
55226
60460
11624
33718
16131
20327
8849
19851
47120
33567
42028
49662
53261
53379
63139
4608
14849
35914
50851
31352
9801
8625
37068
5095
55549
8640
6228
38315
50662
21408
10628
33556
32929
2659
39012
18739
35657
20525
62668
55654
40592
47105
55851
44901
28396
55117
13999
10783
36523
17526
55511
36984
38035
1536
32585
53718
64694
28925
24903
59446
29488
47474
60248
8877
10685
24573
47888
63610
35363
43717
7703
26405
53678
52688
13864
59136
54608
7253
37903
23434
42135
30831
16155
38908
17639
41474
6491
352
31082
9468
38686
33511
48065
26716
31673
2035
14124
13720
54637
40239
14977
17809
47692
41136
32715
45471
37874
17092
2822
59403
59007
26401
63552
56786
19753
22280
32341
32849
1431
65273
45818
36341
51061
48427
32740
64656
49831
17072
10298
38961
57190
24109
44272
62675
22997
10500
12062
55063
3646
53369
31096
9374
14416
50819
59429
33520
58096
16932
42764
35832
43319
58744
45455
57507
23520
28383
54902
38951
7944
28997
41365
39284
26915
6969
16678
1110
28784
38136
23091
32303
11225
54767
779
59675
59665
38080
15493
3334
28848
62930
33804
53274
6250
27997
10800
31419
29587
4366
60317
30247
29519
41124
31099
45852
50623
3140
15726
36980
53109
28695
4182
53023
40184
51700
36885
27611
56818
22371
38815
46083
59956
1692
7194
62892
13746
40369
60282
40657
16195
2236
143
63068
39057
51839
7030
26879
1465
37389
49333
12082
42810
254
50844
30807
26311
19542
41653
31863
21603
29452
52852
15079
9185
35680
25645
17218
26727
3309
38460
48870
17985
36845
42521
2731
16053
34964
59411
33173
22589
24305
51202
9443
16208
49211
22482
24387
19913
51964
42636
56786
44139
37063
38124
47415
55910
31138
26107
21543
34529
64133
27593
34866
57330
18768
15169
40607
32361
24601
9322
20443
55449
61105
29136
3050
18948
32842
64431
52396
59903
16421
30807
4691
44545
28749
32719
38091
8098
9704
8315
61678
51824
27515
39506
27811
26992
47410
51213
39607
675
29425
18783
3066
23371
14462
60378
15030
39586
40202
18527
19818
47682
17072
37369
28001
60384
27269
30588
29534
37599
29370
52242
27508
16670
35745
22676
54653
54680
59720
19195
38105
18432
9639
14222
38466
31075
54821
6115
19848
19457
11816
34373
5349
59053
8540
3293
24544
427
8172
48258
16537
27605
27850
10482
64107
12094
13485
25354
50361
8514
42203
38694
11325
32252
37747
17278
25866
1936
65093
4236
25667
51473
35156
33031
5822
24629
13925
9022
18184
44790
9859
46444
4812
8977
62661
45995
57672
3321
28491
46900
14966
23587
33124
64880
22121
26902
52390
25656
46445
49744
2572
28185
49614
31818
38975
448
47133
16178
16681
3441
47959
5734
14336
11208
50508
47722
53039
64950
26996
11854
3414
52931
8274
1124
44630
18546
25965
12343
26070
52666
19120
31581
3361
16342
47996
13787
19673
37299
26904
37466
27694
45272
15010
10925
53290
46342
17224
29984
65328
46741
28168
58892
5227
19082
64120
20969
24809
36512
53889
8271
16213
43400
34860
19957
29742
34595
51346
37741
48313
11254
18607
51906
57335
58983
38463
39520
62398
2952
31596
444
26365
43671
14457
21217
31644
54403
6859
35645
9398
59653
23186
34474
41797
45509
52245
27254
39634
51974
27928
65339
63783
43521
9834
115
9408
34750
21161
35111
56974
46211
12710
63461
26342
16496
18222
13080
24763
3943
14866
62112
64427
46058
31407
14196
27006
19518
9204
4530
38736
57278
13513
42122
16362
63224
12160
35207
35001
1405
31781
36556
27842
20797
60677
58918
31239
48763
22719
46799
33804
49919
4802
8834
47266
27113
5608
27892
13487
24487
27905
22091
12919
50888
3597
46185
27472
55567
34600
1243
52965
8078
60128
1544
14421
45539
22104
47519
59084
61894
61465
1390
15725
19067
45221
21484
14777
6316
21371
56604
49464
17160
25855
40503
38622
42273
41201
10830
43901
54814
25079
49034
45653
16667
53167
3852
40918
23217
12186
52746
46047
52978
48142
19567
10424
21986
30339
32945
50190
45588
27430
49970
29878
58128
39195
36503
28897
10617
3360
39803
33276
62983
54852
58624
34368
8674
45236
62448
25962
46819
20510
56657
17423
18715
24745
17755
7635
14297
42954
3996
48944
53197
21136
20155
61573
4396
7547
43873
15320
21189
30312
61511
24747
60745
21673
34479
7618
20875
60765
3152
37436
25798
56476
24632
61256
20739
32544
2216
25726
43867
83
48258
52290
38601
21995
44158
62608
26171
1308
28869
35865
48680
65014
11449
31344
18572
62870
17552
46146
9787
20204
22262
53855
10729
60649
41585
55414
18731
30589
55762
63471
63765
8727
13897
30982
62525
18678
8427
13212
2738
14302
2357
13221
64353
64976
58647
41693
9325
13041
36141
38537
52756
36171
53008
54507
52296
7989
16769
41865
13438
17414
50712
49449
56347
63842
8719
14654
59977
11586
22010
19977
62250
58696
34072
32749
30119
4359
52418
43150
61886
33081
228
42184
43832
3866
38448
32065
36433
1209
16123
31863
41373
9849
17921
27994
43036
42987
18043
12899
43025
46958
60792
10271
27564
14772
42372
47234
48437
43243
43335
25633
61341
6652
62342
15833
10058
669
25745
52221
47758
48043
28534
50645
31267
50167
63538
43383
468
23322
1285
51830
32421
24772
60811
58080
6825
64393
13834
20365
20297
48437
41849
54790
65269
26038
18446
33168
53374
17077
6996
16676
35692
3011
13996
47700
9404
50181
9552
16142
41271
18799
49766
64429
1330
16810
48857
22609
26927
4258
24717
10039
44430
53232
63734
44650
30783
28105
56877
5434
52683
4780
58716
49679
27927
9996
65282
47119
16410
37676
63656
15140
13220
12008
27126
42692
24203
35773
26272
19940
59001
12474
47843
48688
14589
7603
26042
10254
62965
39272
57955
50579
17787
55139
58529
47137
32946
33311
21391
36491
17502
19976
5802
1041
13005
42313
8156
49136
30096
19856
44865
49488
13072
40385
30602
4375
31451
59896
46592
9261
26638
19382
9522
15464
34614
52019
62098
1841
30430
5022
61905
24393
58096
4063
3299
30401
18865
54476
3028
8415
18824
45087
28355
33542
718
15402
41682
17003
41350
55745
18529
14089
24052
22491
20595
51563
25511
60006
31912
103
21251
42875
33369
41622
17273
42721
47053
55377
20470
29231
38392
60934
17026
48959
40405
