13916
34636
6271
37356
60846
33429
61247
53981
25814
13200
54220
64889
40628
63646
43376
19752
28108
35170
18535
12434
46015
7685
34444
41353
53010
9784
21482
31113
34163
41564
9647
49205
8869
3977
19365
25422
26353
34048
55748
51290
14325
49471
7797
45640
26658
34181
35859
35646
60957
4549
11063
33949
28069
23238
49216
1631
24684
63274
34730
9403
39484
47937
43029
25263
45250
18147
32291
3361
6756
682
2830
11500
45501
421
23014
20146
16555
1137
18266
8508
22117
19790
56036
16967
36743
59270
7024
9021
51045
13986
12341
19971
33539
1691
54265
53250
62843
64359
29207
24509
18229
48500
26953
28791
24093
62578
62478
52150
54980
36605
50770
29967
48880
36561
64745
52646
16699
44175
5442
4265
50040
39735
46286
36947
22520
28245
5842
38819
30107
17249
45529
53563
7810
55680
48376
27169
57207
4676
52342
40962
37727
48910
30576
12037
7480
12563
48777
48520
51892
10218
64845
24547
14668
50292
10903
16522
52726
29102
27437
48738
47085
30362
45176
43765
32169
17732
25497
19357
33095
18053
1972
42209
48079
25482
46628
11450
5305
6266
4501
65343
62989
10855
13523
49788
25921
48217
38808
38895
47487
43856
53996
48789
39013
22858
57868
12596
5056
42283
4149
7479
38051
64311
18086
35629
12415
3170
27680
41166
17992
6001
55950
62937
52699
44473
56440
53172
36580
37955
8247
8872
30805
56080
23251
71
16616
5941
16568
30472
33343
19542
50620
26636
58700
5271
10369
45951
37861
34773
18043
4668
36377
13868
57905
60559
39453
65294
5150
52705
30872
62934
64520
59350
32030
51998
6327
23975
13009
1204
8710
60560
51311
16776
16619
16669
43003
41330
42123
53623
26737
46186
12266
58218
47145
9876
25596
41895
10684
53680
54752
60208
48456
1738
54856
40576
4541
6922
30603
16509
12030
16298
18437
35542
2148
63060
311
23989
22769
39677
36404
19497
53080
37947
3205
53380
54790
59911
41343
43435
15846
42993
39528
45649
9825
42735
48890
44928
4665
51732
45283
26900
14294
44377
43534
9339
11878
39502
59264
6615
55951
46823
11530
656
23568
11526
58801
34540
44010
26952
40628
11389
40504
4051
6099
37307
3196
28264
1187
30485
39791
24704
26826
43779
53946
43894
50970
43539
33564
21794
14826
14177
63618
25353
12406
20439
61835
16374
10850
63710
28896
34116
18225
39334
45916
48878
59273
13212
6921
7195
8718
43469
63897
65035
39217
56757
3451
36086
45051
52779
46861
47132
37241
46151
9275
26292
61573
36089
24903
55454
17359
47191
55849
47572
60327
62635
47247
25935
16350
38327
35188
31315
6941
25759
47771
39687
5884
42382
46421
61461
37053
33350
65241
56800
51207
50722
22849
59509
54879
34644
28867
24931
11761
50908
26000
41556
7031
47714
8839
12954
53116
13685
18572
9585
37053
45785
47874
62356
63036
40601
27302
55894
13238
35214
25334
58779
22084
32521
58156
10998
54021
55644
16797
36735
39748
60113
39776
16541
37721
15938
38243
27764
42041
37064
53973
34849
8652
48532
32684
15139
6585
62632
19310
10685
2045
27184
22191
64257
61463
64592
41509
38678
36669
20480
23806
22651
2410
36844
7710
38819
45268
17478
45388
23727
3797
41499
29023
20341
7812
19901
1144
32424
21492
22637
21287
29257
12560
51208
38684
17388
43341
10226
3090
17008
41934
54364
15927
16040
53572
16719
35873
48433
13443
3025
34224
25921
26359
2162
29789
62716
45550
29310
26126
25918
53176
49210
27070
28547
61849
17641
16514
56224
43678
4397
37994
62253
24420
38410
64459
47783
28880
2138
61019
62032
62600
58632
61968
1117
20609
27410
45834
32929
55261
13928
31998
46349
52756
62838
41120
9948
64492
17852
19684
14991
47748
15359
14071
51568
8453
48571
17871
15711
24557
58943
50780
36577
37330
29042
51539
17863
7425
50898
1678
42119
55768
39879
61203
22551
14818
24040
44210
57648
25340
18208
43874
8113
4645
43963
40443
15772
44303
49535
2611
6216
49013
50901
1057
32473
32387
29319
1891
59234
326
56468
12827
43695
26518
54655
28650
23189
48478
47022
24211
52831
37858
32654
21768
15483
30665
18650
40801
26484
57056
31821
19598
11670
43051
17985
27953
31454
13318
61650
875
40228
61474
46405
64285
30820
34353
43710
63496
59899
48272
42739
9933
16269
23346
20754
35775
770
2256
21619
36466
57649
26911
12559
11877
40907
46273
33848
35200
22546
40480
16808
22900
41853
41543
56585
49430
39700
19787
28498
60177
35662
13067
27181
18326
16612
26673
25457
19233
56389
40976
56793
36198
21203
20397
13892
21711
2238
52534
15706
54481
8588
22419
44314
21463
5375
30587
21941
2495
3186
51280
7232
12557
36498
65297
52108
30422
16801
37787
2036
24038
15373
11844
47465
52446
64184
10379
50338
18868
63674
27081
3097
25379
55624
39704
56702
54435
59441
13011
41173
60924
55470
15260
41111
17245
22349
44204
33488
20790
58463
27860
25955
40622
16653
61597
33421
25494
59760
41267
56510
11968
1161
35675
50755
173
6641
11050
23952
48580
61440
59926
18811
27886
58423
27429
44500
12172
38259
13494
24009
32352
35865
39178
44247
64560
22570
49756
50655
43933
53897
58894
13329
35662
57198
63605
20042
44817
48192
41062
47439
8125
8923
65157
9312
36196
17897
53135
48516
58062
52468
64150
57543
9984
18796
7430
36516
3143
659
35733
5384
38750
33106
62398
19727
20907
23154
60770
28022
14237
56120
19828
36902
58892
40732
10963
19395
22835
56987
47715
5024
53933
47503
43121
55445
41810
35607
54379
22440
36093
52802
49801
28444
11105
37837
56289
63665
63588
47109
11048
36518
23646
57361
59702
15518
30332
42599
58655
7006
14520
63600
56858
55721
5844
51439
13191
53667
51051
13749
42307
18589
61329
65409
43801
39482
58066
45879
7042
27584
31747
22164
33233
35005
45203
2031
32306
1314
59532
26503
20995
53910
51868
21242
20851
64386
59873
8659
17347
50958
65066
25632
18670
7190
2752
35806
17974
55473
16763
52367
13848
57944
49599
50205
62314
1011
52367
64546
40398
55807
24700
30551
25343
34830
40464
52099
7595
33650
58331
2677
44307
34520
3234
39653
48637
38331
37186
27792
52802
57712
1020
17368
55899
21054
19971
46070
42340
37869
65414
10036
16294
5694
12651
40911
23916
3713
26215
57285
52316
43037
1887
1379
4428
53147
64519
31219
20581
60660
27496
45951
34843
17930
42193
34233
35258
21221
11339
34339
16021
46002
59408
2410
45577
28073
14059
26669
22626
50394
51670
20144
37315
53117
36238
55625
59921
58507
31432
6324
21331
55054
34974
60870
35589
33083
47595
22353
26799
56756
10309
35901
16824
13430
11587
43678
64307
52950
16155
33313
26328
32458
5644
46946
56158
65266
2191
59651
23293
5596
56742
32094
28735
52873
65277
16474
50190
25664
64404
16811
10956
23168
61464
62667
5762
25582
56123
59138
44558
50818
47375
22581
41150
5875
9373
38398
40747
10143
40429
49960
51299
20308
42961
40786
35907
36665
15322
50174
38341
51147
51928
40660
64071
2171
18528
33691
49887
2552
9831
8508
757
30569
14895
55537
12710
1620
38264
50100
1439
10219
59628
47202
61412
26746
44881
57727
26785
24465
33564
23325
41781
25257
39393
58818
27470
23403
63837
17822
17281
9848
61650
62872
1400
56850
61861
37391
53957
37125
35103
48225
5304
1281
30596
60119
8708
51395
64566
53599
13933
13830
32821
37132
24283
20354
26744
42251
29313
24012
24955
46028
26452
353
15934
32023
59192
27295
47302
32121
4371
4584
11929
20600
52234
21635
31208
62245
62753
38752
32748
57332
38257
5134
37499
33730
19906
25355
55102
30842
37011
41023
49639
63282
13704
45519
55787
29398
16883
34598
40445
4174
38277
4981
1478
2414
6343
58980
63717
3393
8560
46068
44178
9938
60138
64103
50057
64053
4823
11831
34287
14314
46635
35372
17249
47262
60112
51616
21320
14752
56136
15002
16037
25781
2635
54830
28445
34414
51215
22739
60718
31731
50501
33125
18667
42751
45670
22698
36012
27103
43435
36174
46321
14160
18662
57859
22468
24367
41202
26007
10813
31741
42108
58158
61063
46108
27484
39093
47482
45225
53406
5716
9783
48439
14335
55579
49719
37592
603
1416
21563
25431
6699
54871
17848
57730
56102
56949
15530
19411
52053
24786
5796
7568
58971
13842
65376
12671
43534
53184
1019
36608
32582
16835
14981
20009
46434
35518
60826
33090
559
30716
8223
45678
49654
9368
7604
450
25484
1776
19638
56920
37179
38591
42435
50806
45341
2010
24673
39606
34801
45844
55531
37362
48992
19028
17552
21679
35940
15749
61157
19453
4778
33334
20561
24860
8479
43009
25329
13315
51853
47497
26168
48889
22151
33199
38237
16741
6541
48545
16003
17651
12446
3372
53763
13464
57166
10998
18101
14157
33818
12526
35090
34812
46636
25169
25101
62796
37618
51285
6477
27827
42435
63742
61127
54644
52319
2076
38754
7083
35304
37174
51873
52483
39528
58240
27439
56197
63137
62399
12156
21316
45723
52254
27980
11813
33627
65456
3278
27038
58765
33382
54667
19527
30216
47701
23794
64821
3404
45109
62126
61892
16063
39834
38828
48760
27109
7596
40854
27785
25844
25779
10383
59372
38419
61501
9751
63435
4044
63214
10446
64721
33067
37717
42854
43285
21128
24270
53552
59869
39713
15298
1105
2618
7186
4820
53652
65061
23801
46160
38713
5373
47986
46643
63205
18040
39397
36602
17236
57392
58545
20513
46167
43024
7110
31336
11583
19860
19616
62679
27623
13973
5214
7173
21132
2864
40231
55511
14368
7072
15435
43194
41993
17188
40808
13991
38269
56568
59628
26445
20224
54682
21843
10647
32141
45892
4357
2255
39499
35689
38022
26233
7923
62665
22036
5300
50202
48341
28343
30138
64399
54706
45870
49226
54464
4949
63292
19002
63007
36397
11129
52980
61034
9525
5167
3464
17924
11465
45444
55803
34614
24926
41448
51497
8042
53365
30465
3133
34444
30544
55475
57620
34501
46539
43341
61386
48393
20596
7584
102
55313
51272
16911
7580
6327
46420
38063
41819
56097
48754
49339
60467
27355
33655
40746
6670
37386
54485
65470
35399
52773
55344
12758
28412
56770
62753
30977
34874
38647
24305
1143
52042
45742
37097
55947
46020
21288
43684
64798
31585
45956
52706
19019
49083
35818
22694
60699
25013
16496
57210
52435
58339
40207
13076
39853
38444
31267
31661
5053
42219
52892
15297
42154
40003
48183
35326
15752
9880
31388
50857
22960
32052
29290
47769
35125
27978
36088
63539
50849
24325
1762
46297
13848
39442
11592
4987
47739
16655
22827
55190
37659
32449
52090
34386
37414
55437
51618
51007
47561
60668
57201
39171
49947
55797
62101
62524
44538
22997
18096
51307
35762
55687
36047
4037
45890
42241
27894
27860
35628
38194
27598
54958
62718
34066
14194
18545
41988
27410
56870
18253
22420
52053
28692
17690
11269
43456
53755
9024
49331
57058
55260
22335
59298
11418
46613
6855
13180
9113
22046
34909
52665
52716
60132
35749
4007
5157
22153
26127
5201
49811
11463
60175
63453
29440
3980
16071
10150
2609
3416
15163
21735
38993
40821
7422
49601
3763
26834
50610
45661
35254
44771
23331
31202
62680
14625
7846
56175
5125
55705
7924
24964
37224
14158
12713
59181
34778
40917
1285
5950
55233
31542
27692
7215
50526
41004
1895
34008
52383
3182
61910
59919
55426
63194
39380
33600
12127
20801
31927
45333
39227
62378
48094
3049
46857
28908
35316
20141
60507
54917
43417
19092
22430
57932
35443
20736
14562
56102
12136
23714
29128
54921
48236
53420
16214
57458
12394
57338
17489
59075
39084
13458
7472
54218
62306
6203
11736
16755
21071
28937
24281
21850
50962
37819
21798
62456
65180
40463
7396
25033
58497
63559
52638
1013
65442
30611
46769
42667
34313
38099
55608
18676
15795
62343
58557
5770
25979
60157
19295
55106
15760
2382
49469
40324
8999
37108
38107
30420
31581
59855
48154
52462
8455
39090
19558
31178
5374
29803
27011
9571
26005
45139
1002
9816
37123
2403
52498
4150
35128
29199
47753
1525
52126
58755
61751
44834
40188
59462
29222
50928
23237
377
52083
9129
33224
4902
65202
19638
19690
24959
12048
24574
16887
40915
3567
31564
9785
44729
37974
5061
54697
49541
12301
14044
2358
8038
58004
28118
61959
27102
53526
7497
57817
32170
53768
45272
29379
38471
55842
31136
40449
16385
19162
5137
6468
46381
48503
34993
43330
36848
11918
49460
15942
30258
43828
28583
26124
20246
46006
19110
41547
60856
23575
24436
43653
8568
39857
46465
46293
36961
41166
20042
60888
42583
34104
18348
33023
46859
65030
62910
11579
39318
21552
62487
9627
30492
39789
62778
25811
19649
28205
61445
40645
13405
23394
87
61746
35953
12687
62498
6184
16806
15331
62283
31589
12344
12884
44763
60714
59116
23769
64456
16095
549
16344
14696
35780
17407
4164
12973
37270
50731
11457
58058
12387
26180
43158
15408
65027
60294
14749
29471
48572
56124
9454
62357
15677
9745
38725
47352
24190
37867
29113
39239
1379
56417
30428
63245
18898
36015
10410
22871
55184
46126
15832
4130
22112
15105
4096
54351
16451
33101
22303
64661
59140
35317
7023
21652
43935
8917
60283
45978
49429
3805
34278
11923
33767
29092
63788
64603
52852
42071
38118
47058
10416
16759
60030
6077
23581
14698
40720
34693
4093
3842
32802
10915
46663
21039
3441
56571
20215
44795
45385
15274
36954
62281
63843
52086
60765
48638
26025
28353
37834
6945
62214
28411
34928
65473
10822
1768
22326
9973
52491
33579
31304
4151
30276
33965
16450
6295
21515
54604
35516
37343
26848
59996
59436
40847
61894
7919
32394
43280
16039
47433
12663
8693
20896
7643
54009
39472
22779
61809
40964
47063
1862
53569
15760
56372
37448
64911
6911
39161
23673
38484
19751
7972
35604
3028
57992
25867
7324
6984
898
32977
22474
30329
40058
3959
16847
21073
34591
31137
18358
56491
30658
35343
63458
9724
3465
59822
7806
41882
56122
57439
45138
18655
21683
2086
55682
56914
61239
44825
65448
43589
46161
37502
30758
44344
62390
64238
9829
21350
37117
23108
6472
57064
8877
46737
64207
22081
33855
32397
63454
15694
25710
18717
61335
649
47544
57826
55511
61491
3228
64762
35775
48180
16492
58018
35025
3734
28783
9092
44765
44795
24361
41826
14405
47738
62881
15352
10250
16059
19991
17244
30806
65307
12515
36268
58127
21210
34059
21311
38965
24974
13879
4710
7854
49018
24044
44871
33816
28540
43117
36610
47326
7741
36494
44703
39111
20978
59143
36742
25417
62879
6587
4395
17452
61996
31392
30415
25966
34873
19741
11325
23157
52169
2437
10946
26756
33722
31848
29072
41638
9720
10852
1973
54999
59111
54734
6314
14948
60331
64615
49948
18724
20726
10259
57899
54847
4582
54612
22817
5970
62735
47092
38672
47083
3595
45682
16498
41533
51998
17795
15206
9000
59236
63148
65055
52568
26720
35864
44408
6487
3052
23960
14038
56445
57239
26498
26032
25717
19676
42862
2505
42787
29609
27663
34655
38655
36295
4718
31733
8132
58539
18931
4552
12821
61869
31082
27513
22638
51938
22764
22590
65321
552
31917
4567
11076
38449
19763
31782
11627
21915
36126
62079
4115
62430
58701
11562
53360
47064
16329
6315
37948
22224
36134
47720
36349
58972
58876
3473
39546
8442
60416
59188
55779
46958
29873
33184
19066
41466
13964
49058
40192
47564
14484
15959
26221
54271
7474
28998
8586
7496
64523
8596
4321
42531
44429
57578
19545
14861
28769
45835
45386
60860
21572
548
33191
20592
23099
19168
2878
7717
18896
32053
39484
60317
48519
18310
40770
61312
6342
1488
31503
59225
40459
56805
50253
54347
7850
57531
54974
5122
32865
46171
28805
30596
43153
43836
49304
40793
43284
51583
39574
55872
78
64075
60037
59030
16805
16216
58797
56592
22340
48468
18485
24649
5118
14281
56092
56391
42333
55024
45740
21886
29173
20396
11810
48424
42916
52295
55379
3036
6399
2298
25923
59214
27464
32115
12288
4347
43622
14885
26017
20120
48554
49058
57445
3396
20630
10881
2094
28045
15221
11870
64527
4732
64058
46512
59576
23444
2399
10993
38713
1300
4039
41212
21324
59820
53057
953
39537
30413
18078
52338
61790
25093
38726
10623
55567
48717
23258
7698
19957
4332
18744
46492
20256
9942
39487
40776
18217
17495
45934
13598
32204
42650
33541
32513
12455
10805
19763
6086
32160
22930
27339
11487
26852
40790
64398
50206
5318
24909
5504
5424
55424
23679
18714
35127
9470
1874
59092
26178
44213
21344
24020
18190
43362
38582
50939
7575
55924
37030
3686
55470
15268
36181
61335
34251
25471
32587
60107
6430
43440
58808
3415
40651
62367
50542
34979
50121
48436
53750
30076
62110
28076
57353
42331
25765
43378
36502
37432
25247
30263
5641
7311
1576
47119
21140
28006
56804
18989
57745
64538
14185
65438
56515
38106
21951
32912
56042
2016
29834
48345
7686
42717
62069
17691
29804
16941
17879
34509
41161
18214
53944
2702
23605
60252
8260
2440
38210
35882
39212
48110
12938
64543
24508
35969
45439
48655
25707
8682
9635
49710
56247
28084
45646
38868
46786
64650
12791
41944
44218
47150
8342
46743
21776
47040
33150
14713
59331
41450
26879
47411
43451
63170
53821
52776
55754
32944
32378
33632
8186
51432
18844
17801
41609
27788
16932
37580
38929
59925
32767
15175
50378
23547
35786
18410
17293
24855
44570
19758
28818
10760
4640
9961
9174
19593
3176
55363
5545
48493
32261
40920
33146
32939
1596
57076
40465
62019
33959
41710
7345
41420
39881
17372
64341
56708
41927
39134
23356
32988
34975
39291
43159
46760
3135
44133
20167
49410
46390
29943
32367
30915
41207
47424
13039
63179
63543
6650
45006
2576
14828
15999
1237
31578
64882
9332
64495
50011
32298
61077
46911
27218
57501
39662
60671
50126
62820
62933
4996
12535
1411
53318
16240
12914
22954
13334
34588
35409
42625
56662
39245
63824
44762
36762
32479
3184
26389
52896
57872
64783
57982
46206
28026
47155
57443
60088
30061
12855
38821
38955
48049
30915
17701
28717
15436
45858
52775
31700
17041
24445
65415
5824
50948
18875
18145
4047
54046
48506
34440
59125
8386
2596
21963
39512
10455
40609
12701
14568
56262
25703
17353
64804
9137
62056
59400
58833
32743
60666
19878
60232
29893
20232
40818
29066
28275
1150
18474
61918
3435
40821
34956
1512
65422
42534
51730
60675
21548
63995
35203
64712
62409
31516
45600
15319
27636
12080
3409
23849
290
243
11323
63528
34075
63186
64722
34890
37638
50795
45045
30588
751
22131
47922
63993
20427
43478
65409
61009
54933
36722
30819
43948
57920
45048
57580
39724
15772
45066
40713
48805
47580
47127
14048
33377
15883
41736
4217
1158
54491
33310
25463
29925
36112
384
13972
7116
42031
34683
36295
4031
50313
38640
32402
65229
60593
33837
48968
585
62597
9918
5117
50182
61905
30362
35691
60746
6785
45835
7004
49607
44140
481
35727
12728
57592
25768
42786
15772
53930
29702
58335
18842
4379
18461
2277
61127
29606
9396
64709
51423
250
39527
7100
20258
57425
60860
56594
12520
14976
48331
61815
56488
59953
53219
39542
60728
22063
58787
10762
49989
10176
27648
19502
50744
36261
1381
7284
57116
409
4376
51820
55011
6128
37676
57963
10023
14191
63601
29061
2536
45475
18410
64621
18992
61489
31726
48832
12144
22818
22606
62452
34109
6438
13679
13408
12219
38662
1183
22040
25923
60266
5675
43704
64406
28417
30253
62982
54699
23069
46011
38471
57341
41314
15523
55405
7386
55604
54053
48056
25733
44906
30749
4433
62141
13168
64913
64140
58021
2572
39489
4889
62012
33148
39882
32960
10772
45887
59100
65450
26877
33455
14258
23352
16184
51121
44520
54279
59660
16338
4862
26971
1414
63795
40850
20071
9129
32304
56569
38772
26306
37941
27615
61140
30686
3545
47277
22700
55891
55943
33132
63172
2671
5963
29818
5342
36472
20701
2720
33921
35825
52783
5718
42599
13204
60301
2375
5728
38518
46992
32343
40704
29614
36709
50440
27305
43516
45766
46018
38088
15863
3050
9646
25766
61536
58644
25862
41460
10590
23661
36654
35975
9733
114
17579
16031
52659
10966
14074
20699
21278
42439
36186
60059
54906
45387
48848
62700
46937
32550
52921
36163
62384
36039
25301
51686
4852
24644
33113
32748
19290
58323
32927
55614
35388
7521
22341
33729
64897
43110
56639
25048
46863
8292
64262
61266
11570
57742
52868
35587
54309
50678
32134
44563
60692
30993
37533
54227
17126
52239
21078
7444
29962
84
52014
56048
46253
50461
30337
60847
23954
65500
39911
12646
58057
42964
34452
3359
48878
47874
34308
13854
11383
46241
26822
4809
9930
4294
54896
15223
29513
12834
16176
24190
12900
19266
5627
45661
5345
4487
1158
44084
29164
8651
11463
41780
58578
20784
43321
54057
32509
10624
6079
21185
27394
37133
53199
65460
35262
56395
47455
4140
17468
11394
32888
15961
41823
19292
1556
7615
27437
28476
57239
1192
51014
27094
17349
61893
38266
56661
47591
31690
51781
4873
61687
46516
53037
46487
24346
8223
31132
62360
44569
8240
22238
5069
19659
9704
1394
50995
26474
55273
9813
31365
7848
21569
52791
47698
9471
19110
23237
25888
32739
36320
530
54854
13197
12460
36157
11657
61680
39896
12551
40077
8444
726
22557
38794
64547
26761
64928
16591
42180
12172
57201
25030
16049
3926
63791
3159
16738
12808
14614
38777
43220
5553
7165
38720
5104
7828
46075
10933
46339
41020
20655
36484
55594
1249
50544
61607
41599
55687
53882
7332
50240
64397
45360
46307
25098
3836
50688
39441
9334
58952
49740
64474
30280
14683
7682
46992
53618
11785
62371
12275
38076
19555
32833
5817
566
51089
45656
42762
19525
64491
63375
63354
5603
56618
64396
13669
27132
52149
11982
28331
20561
24549
19777
63852
3343
22096
46868
24656
63714
9570
57515
17596
32488
36923
501
19047
52495
31268
31672
11992
61115
59173
38200
42850
48537
47975
27948
52897
44230
22409
37624
27266
25592
55096
23288
42576
25843
61157
2044
51111
63623
31022
64573
44139
11320
12208
16729
58215
40360
35743
10728
3809
33696
55390
38391
51651
26973
17322
53176
19999
46709
30702
47397
24162
29562
10643
52148
49422
22674
30585
29272
53369
30517
30990
51182
41200
49557
43925
32967
50943
57746
42262
40992
43548
28314
44250
65469
37717
53953
54978
12812
55409
16605
11981
2774
7445
29845
28252
41080
9568
58348
24885
8443
23016
12964
62527
45100
63509
5837
54620
65385
1809
30134
5907
6796
32721
6376
30128
49265
45117
3323
61092
42305
26057
47389
55770
44352
1025
50698
14270
49180
28708
11245
13862
14793
2301
15581
30091
51684
42632
65333
59383
36284
4391
31463
16961
64650
37589
35369
65169
54179
33322
28958
33390
11557
33543
52233
10142
43730
37793
16725
63289
12941
19656
43791
59128
31513
58747
2523
18110
23199
55667
42214
29122
39139
58008
44361
1909
15387
47270
55063
11773
59976
33260
445
47840
65042
18310
48069
26669
32382
55779
53879
35927
9275
35688
26812
39016
28357
19237
40613
55560
19716
23002
38761
40043
51531
17906
41453
51700
29985
20500
2766
39413
10008
20831
48356
26062
38183
52758
32450
5974
48108
47523
4330
56544
2752
43410
12517
50011
43534
49494
37527
10919
23616
6072
54969
10660
35193
57500
5458
25679
12886
6092
53566
35521
58282
4279
47411
49369
51620
54146
17959
16334
30108
60221
56208
281
53576
17327
55413
15194
7634
12167
44854
22447
4866
35154
19856
13022
25149
10180
58419
18898
49855
40504
6891
8135
63023
8196
38391
38249
19921
16675
44302
39892
49867
15621
50789
2546
7302
29641
7625
34605
46385
16818
40600
31362
31170
24107
22989
20090
36478
24377
24885
14823
16258
58152
3550
12397
7156
59672
21484
36023
6324
29049
5990
12413
55983
18891
8886
32512
41636
11338
3725
27878
57490
16549
36006
23090
1792
35761
3394
2395
24221
47496
1519
28129
21530
43395
28693
16466
18654
29789
53269
14267
57247
27709
55071
56601
36615
19623
31476
13606
16220
26550
24405
38355
62814
63631
61050
39092
43968
62047
21091
60028
11985
53143
44195
38300
46485
28453
58558
46934
50055
43009
58393
18715
51895
61022
12271
49674
50790
39056
40088
52039
41105
3820
2902
12235
889
55853
4722
4650
1908
15920
18594
41691
51198
11533
32173
39441
9500
60819
54674
31452
32470
16908
14157
11614
39353
39309
34132
3073
19302
55110
21084
28129
47737
5053
31675
28195
65058
53718
25242
63241
54956
19706
23492
45754
31780
52890
40197
24268
20354
5304
57725
29321
9963
59168
51119
63530
4116
1487
16437
24802
12316
54823
48560
29216
42616
59290
11125
43810
34325
35912
56030
34925
50276
48295
48558
19675
57370
15260
27787
49705
61018
23061
35539
29341
12844
4510
51860
32890
45566
52793
40418
22655
35439
6388
31999
65477
39617
4357
63674
42703
26827
30511
35599
2862
60106
29558
38559
19797
37979
20808
38904
43406
45029
7007
44533
49050
63364
27674
530
20869
6729
8128
25449
52516
63041
63682
25762
60056
34131
51814
45140
57681
61810
58325
63784
409
3327
19994
55735
24479
63457
6550
9142
10463
49507
30963
1776
31998
30092
9837
64057
22797
23471
16924
35258
38907
61870
51825
61952
33639
56395
56354
37912
31821
26381
49959
16283
9616
16244
58079
46981
10260
1500
14408
9600
29604
16763
21936
30867
41809
18455
8053
4178
42473
34397
46299
10195
5541
23978
45427
20229
24755
6682
13356
3509
56549
54073
44769
38804
44028
36136
53833
15963
49557
65040
62013
40765
58900
5927
64434
44645
64536
26374
33643
46405
40422
8605
8573
46619
63315
42903
33202
57959
17692
27937
16735
12292
38928
40372
37879
48593
33566
49999
49581
30309
17521
23675
54019
27811
14653
203
48980
25604
16708
15869
1774
27150
21146
56454
17803
60586
36683
36980
32223
5285
60826
26361
19741
32558
30561
22041
40318
22151
39936
16150
1570
41900
24237
28196
37795
41271
19143
6736
19538
10320
42680
25052
55195
54637
52097
37218
6077
26060
18984
33074
46283
16338
13771
25055
62691
63458
59579
456
29080
27003
20291
48369
11778
52360
43740
16042
20493
306
24466
33208
64277
64956
53804
34633
9622
10651
60650
623
5055
60869
54181
47844
21103
64422
65006
61332
34058
27979
31051
4050
26086
10489
21644
47454
28002
9770
37337
24603
56868
2970
13746
29834
55982
10447
3938
32841
28209
18504
11506
29890
50320
35868
31950
61281
48855
27852
40767
45790
52580
22688
45575
32142
14416
14473
37971
60511
35297
2165
55030
63905
9099
9697
6170
36093
57308
52590
11397
31798
1559
38737
53309
971
25919
5899
56907
8560
1784
14859
26851
8728
16972
11868
20870
37826
588
27572
11116
15333
34376
21987
65478
27479
11748
14894
4418
48022
40296
46455
39668
4405
1620
53862
34181
40225
48838
13862
12478
13036
54666
39478
3081
34713
41649
11529
5688
49570
14139
46938
15561
13992
24480
50694
55424
55315
28355
42889
4583
37081
12011
20994
51614
4789
3227
56919
22532
51444
24248
39873
45177
48480
64554
58935
27093
329
44121
48267
12414
48014
17459
53875
58549
32190
50148
33431
48759
48916
287
11849
10614
21022
188
3838
51638
45309
40388
46960
1841
17515
18346
32383
38985
60753
64698
29740
55558
97
43265
56262
26460
38841
1971
5644
12636
30888
34387
24669
35517
57099
23529
38123
45160
50792
15565
15744
33587
14755
42182
41953
95
34776
32088
15846
17576
17383
8895
2182
10021
9723
22876
18354
16614
55626
3003
6751
14393
3308
62919
40925
10140
25062
48723
44071
60571
46669
45909
26785
27337
64657
52073
59511
60749
53089
28889
64516
54098
29234
13481
34710
39038
47866
39889
38336
63830
19795
37664
32284
8679
29380
61127
61161
43339
30045
8566
16889
22281
61589
22135
57264
59043
38510
15677
9274
51204
16901
49824
53990
8462
31645
25003
45743
27334
49003
26069
30224
48384
18571
48337
15808
3823
43006
40664
15102
2278
20966
64391
60976
8271
63172
44254
32430
10744
62604
27024
54701
18745
11617
18791
60614
32530
17429
51548
28273
2916
25021
34660
61116
38655
58671
2138
39266
35125
22742
60824
44988
47374
2391
35918
26944
5530
27806
45346
27731
4268
28098
5518
37196
12546
46328
34542
58720
62432
44378
23709
4178
23510
18545
49286
25035
36642
13279
59367
22000
44358
9620
15500
38044
4682
27194
40027
59146
46324
6625
80
36845
46206
37394
48019
6968
63535
58885
1155
118
43564
55473
35120
56117
2408
54258
52861
3430
7626
40670
53286
62390
26830
10799
36005
2074
36424
31500
4643
33234
55087
26029
24639
3400
17454
53713
3742
19981
18695
42450
19951
11925
16324
36220
52965
32152
3668
37459
57023
43686
3160
47938
24561
32205
32719
18302
32128
11042
49159
6116
1752
34144
62769
38250
42330
48863
34520
58951
30726
52549
20757
14168
51894
34034
23051
33154
53104
16230
52986
42672
15234
10408
37827
21307
26554
31935
48511
49678
7221
28740
61426
28644
8212
52494
38349
12613
22955
29704
13123
26209
29354
33537
19311
19438
19663
63526
29807
33664
52975
54851
17095
2482
46768
3299
55901
6184
20194
52212
59762
5822
30105
33249
640
60014
1202
49674
8337
4080
33652
33622
17893
51531
45478
31401
61861
36753
47121
63944
60797
45237
50599
47071
9651
39464
16155
34335
25967
26238
8561
9037
33219
31754
64421
34818
26295
20245
3348
17696
45949
17478
42072
17934
42645
47103
35842
23143
1117
22194
60817
45492
1036
50915
15345
2274
36406
57343
21770
20576
28003
5690
35379
41006
50673
32685
15120
31232
26381
13901
34080
32077
17347
60523
32430
64325
25501
19434
47445
43355
45996
43229
27347
58522
48767
12280
22440
23421
59798
8547
34126
36054
29484
49725
59288
58059
63834
43884
16388
53638
49151
34096
11822
10502
26196
39286
63109
22343
15090
17906
39182
8617
52199
16610
49827
3660
41313
27217
48940
7442
8387
59053
39592
5114
44857
57414
37170
4497
41911
13553
5170
23289
29211
1633
30712
39916
37923
22498
63383
44286
36887
39084
35228
46069
62773
13666
26356
5790
32313
771
5407
33303
49591
58311
30635
46013
57352
11535
17205
29789
47759
10129
17039
4756
31614
47967
14626
12280
35233
46613
65486
22979
50497
51860
53319
19265
51220
41702
51925
6647
23655
2256
55912
32310
60818
3027
6995
8025
9189
54569
46419
3581
44147
43127
64867
19961
62499
349
17107
12643
14612
9332
54267
51756
2188
63859
15048
12144
54771
13900
22339
49391
53936
52002
26650
19032
14430
41400
4329
36011
44672
30125
7279
26069
23764
24590
52015
43454
24763
55274
57911
37909
62805
16428
38864
25841
9777
16833
47510
31534
37291
21591
7139
11765
2248
8173
63799
18337
31903
38515
5934
43103
48984
35411
43847
4386
54633
27521
22934
2763
47934
12304
64461
39161
29552
45091
49400
58978
39509
40636
4768
39007
13242
40604
10600
25140
4361
38918
4919
35637
25067
11278
15454
28024
2272
28576
29989
10454
15336
59518
45704
56571
35518
15631
22271
11093
45735
35720
33481
14548
44185
43048
45040
9694
57455
6163
17003
12358
22323
20777
32940
44496
6864
46470
40925
31067
49636
63194
1187
38275
62257
13909
358
53495
41
45121
5177
14456
16097
19959
32699
28061
55577
50417
37100
26013
31651
17328
24329
420
65168
32808
28661
50913
40430
59326
40509
1199
22636
20435
53912
32398
6963
14598
16129
27259
29773
23366
52211
39312
49449
21656
52934
85
12447
22306
49749
64181
64978
46381
57179
24877
58658
61793
21681
33498
29196
31986
34859
14415
12021
11491
33598
11224
52184
64260
22488
16629
15211
20944
23819
57808
46932
20849
24548
23675
28927
28972
59651
45926
22600
53219
55099
26695
60212
21606
41947
30464
17723
63553
51478
50879
33615
19036
11072
1077
65155
36823
7527
6531
28699
1713
15872
49603
61520
33728
55488
40001
46531
23960
45326
61959
34462
21503
40688
27143
45127
3971
28260
33236
39411
43164
7053
5741
50857
50205
28707
28178
4802
23222
38061
16420
23293
25255
17548
2940
62362
12683
53630
39685
21639
5240
23038
14690
32664
62509
59534
40637
8135
37127
33224
47256
29141
64555
20118
7912
57510
29162
1863
22349
44851
34102
29705
16813
28261
24321
44142
57201
27107
11636
23670
44972
27252
54973
11351
21374
59923
9682
26470
12110
45498
10913
15757
38521
20939
37347
32072
15817
50417
43760
37453
50431
17251
58215
41522
55424
8740
2913
7698
30359
9353
48012
62189
16925
46674
10956
1905
17990
43999
54713
31322
17422
44718
18356
15966
53152
14776
21976
33700
27008
51312
32976
27347
9420
46117
23762
49822
8455
16705
63981
45088
47598
3606
34621
42639
34098
193
19871
21310
636
57826
44592
20315
53034
63418
54253
21191
22001
190
56359
11065
40593
37957
44070
25417
18975
14582
56486
51919
51668
12967
59238
22418
14616
19002
46013
64345
12719
35662
21964
48291
17057
33742
38458
3189
51205
42092
35257
38680
54218
36910
50022
24754
49367
46017
6595
35855
23225
19130
36884
29944
62559
22527
65373
22004
53632
9327
30729
60231
17282
17081
13006
62609
8703
52033
7295
10690
13550
25848
27811
42142
39140
9578
24981
4457
35926
58822
10981
55461
44706
9242
63146
9208
29201
10863
43451
16834
55599
3308
36476
28405
15586
27308
12327
59129
55934
18100
13312
17381
36092
18296
26959
30001
27373
21946
20610
44174
12240
19541
10708
23205
46684
23330
63780
29922
61185
25535
59072
52787
8612
14175
1954
44911
47262
29514
45161
29720
63127
50853
41089
64308
10800
41059
45714
9107
3281
47387
22730
57893
31059
33548
1445
25425
23370
6874
1097
19248
9578
21066
40626
55662
8449
62940
41532
10986
6171
678
53598
29739
11127
18306
55723
2860
30143
34523
50577
51485
922
43206
63823
396
39920
41013
7574
12439
26341
54153
17488
5201
39838
54574
40143
37130
52543
52318
5845
8641
48945
12715
53813
18814
49682
16669
43947
13781
25281
40814
33917
20571
41110
24962
42623
47037
26989
7064
16512
62650
855
26443
19553
27924
61156
28033
988
58162
14823
31641
49542
29672
7232
40453
37447
9612
3895
6405
61894
64024
30487
54897
36873
55151
20294
2129
13859
16064
61290
519
25028
58185
5289
55744
56545
44286
58296
58984
19857
8766
36692
27329
26986
33475
28459
62786
11562
65428
62815
11676
59843
28992
55205
50032
21397
27277
60959
60569
9249
59037
45296
16565
56173
15229
37330
64904
4480
54998
61286
62602
31229
13933
24497
2279
727
58568
55067
6042
21948
39351
28381
47963
20858
13216
56116
52521
4250
23280
35031
33292
52976
15225
60648
29041
7322
45856
40543
10898
35325
25211
9102
46867
28272
29048
39188
65297
65414
24312
12873
13237
45507
47776
42885
54494
52411
34219
26061
27033
49157
55433
18180
5627
40970
15934
7472
2834
34831
20573
40374
50442
12143
23693
1346
9092
38819
27494
16739
39585
22799
6480
24327
23961
29256
60807
1785
40212
18800
15496
42442
22734
16055
53618
3529
40636
24599
56100
49277
46610
52008
49846
8241
20058
42593
49936
19561
36794
46416
23476
17264
51613
32323
64139
36334
37929
56586
64312
22881
49897
25228
8435
28459
50853
14535
11026
57313
21659
12090
47694
38850
37841
33847
40707
42762
55391
45673
34308
11288
46730
1877
1716
1020
41433
29818
60624
4470
6807
5048
6380
25611
11372
60967
64294
28398
7462
41704
52992
59363
10760
29834
59739
14713
52371
57704
57188
54250
22180
36967
20832
28999
46698
59
53623
25621
14726
26027
34571
43024
31641
16077
6901
56941
20526
59797
32475
24084
18524
1560
8906
7002
42419
44065
16460
1228
47579
39220
14750
7831
46181
25250
43743
2226
26435
25751
50507
19433
19380
33499
27719
10998
24958
16437
31987
61809
51784
33047
46134
47649
40553
47472
4321
19420
52819
24628
57360
26358
22989
10338
19430
56277
5028
10805
22580
60086
19221
36144
42967
60789
40765
51830
34604
23673
41339
158
54877
60456
20884
16126
29237
34643
10896
28610
6841
64817
40894
3482
9086
37276
39163
34968
35512
28364
22645
50021
17329
38931
58279
32507
5981
32814
59410
39693
17494
17082
27674
38460
13151
46628
31247
9701
29906
53626
30544
38946
64041
31971
19737
12162
62700
65079
6799
13799
44254
16495
52559
40320
15105
42676
27198
31829
43640
39349
40408
32892
52528
59475
9037
18699
57936
60435
13901
7502
11819
18329
13068
27757
37119
47280
3177
9688
14770
18740
28732
30782
30948
44482
18347
39359
48865
1979
19772
25327
40719
29159
14340
31428
31276
18297
42286
42304
65248
25864
7311
64567
27953
9002
63840
54560
19953
9973
43330
29749
57956
39542
46120
31240
52440
4577
4808
62946
18274
27729
35570
13082
7206
41687
19409
62310
25602
35260
40752
54278
38310
45155
15663
16501
36784
17418
48460
53932
60747
64882
26218
23833
46667
54581
25559
19102
32837
14399
54479
59019
17195
57369
47950
62577
25824
64673
55055
12931
48615
2901
52911
21629
47890
28577
467
37372
64045
57459
13256
27172
22224
18226
61794
28054
52616
31849
23912
6246
63732
19999
35891
55410
1547
25312
4672
59650
53689
1045
28361
23151
4192
22788
13210
50055
17598
64058
38636
41354
20779
29384
63297
31135
28811
23135
1798
44478
59537
16723
42309
24376
49981
24636
60348
45966
2109
40630
29337
46752
44461
22576
39993
48182
56300
64555
53144
36686
14118
20187
10392
47190
41418
53912
21509
62623
42049
12981
51179
62865
47833
34940
58461
15875
58156
41444
9414
42701
6559
20751
60362
62761
6320
23584
51832
2855
19449
65274
65474
16721
30586
57430
27446
61550
27808
33732
60766
63105
54517
34562
9613
17756
1305
29151
9356
25803
59819
62114
17814
58837
31654
42271
48862
34385
1673
20329
53269
58195
22389
3639
33427
49493
6299
1463
44488
58048
40503
51119
57989
54586
61889
57991
22690
19973
40296
7207
55596
30353
49214
40107
42608
32494
37290
21826
59725
56967
47146
57573
42145
59423
55997
39477
60723
44863
2914
62158
52247
4112
49424
25467
19824
2188
48527
42048
4848
40776
60052
4315
35020
43091
45122
11198
30766
55349
21313
56312
33341
59179
37031
18740
28169
35815
28467
33751
46392
5934
9664
53486
60014
40119
54561
14189
20906
56168
61496
47636
48208
19714
64674
28727
3508
11895
23751
26321
60769
41303
37709
52020
65480
38391
36260
18458
36028
30295
2188
58560
16088
50979
28752
2686
41288
63652
42366
5078
44765
14074
7815
154
39719
5005
58023
16849
40187
44729
51515
43243
16804
61898
34602
1027
16922
51750
28006
15682
46848
25512
30638
30049
29280
61987
62435
3893
43647
39723
8397
6473
44404
37056
65522
61717
42253
55690
53204
42514
37618
9431
53541
42599
55210
6999
3518
39319
58947
16764
54735
25708
1912
18654
32088
6117
46774
29485
61158
10885
42638
14441
2489
63150
28442
61523
23797
39632
16960
43903
7045
32358
25577
9413
63967
55319
25582
33841
39195
16116
49845
44825
46525
51696
44182
3136
6175
56811
45314
61624
49598
20101
11987
49767
33429
23931
56091
21017
63330
22428
36857
58636
49099
6778
47846
23730
55056
5665
34747
64529
37540
1534
40101
28335
26044
64163
11282
40775
61798
63587
57500
24274
23983
29379
39292
17148
33632
12423
63998
31416
14108
30505
7373
8606
59522
6538
12468
7232
15656
10669
30423
48463
4366
48748
37293
8300
10138
31773
13187
39173
27876
54113
57092
43817
39279
46582
50140
46767
47855
44487
7861
54678
35247
29864
41347
32468
3463
6934
42957
23347
46047
11959
5943
43005
19440
31352
37852
39818
60644
9750
23797
47535
1133
39806
35347
23836
62701
49253
16615
1045
11414
11592
16922
64517
58270
60132
60853
49651
42768
10083
2022
54992
25868
53420
13721
59904
45494
51252
20202
50896
65257
8480
63454
57671
40172
13914
2557
33743
62995
54364
55291
49164
46299
45594
15706
14827
43307
22637
43697
12462
29119
8310
3087
63114
7801
4976
43907
55846
47953
59197
56343
59534
30472
47705
18252
44131
15090
10342
28276
41417
12134
26334
281
43056
38178
27273
2629
18325
45280
8754
3631
21236
64292
46985
15167
45171
38294
5354
20357
65410
20161
60449
4650
5875
59643
40399
58716
3650
22644
16015
8903
63438
8264
3478
5705
9654
30763
51185
49780
35184
21555
34088
16276
4136
47227
59949
9232
24749
41994
42088
6190
62958
59006
15608
41716
42411
61380
25205
30367
45862
16506
52471
50181
64738
3648
30529
63509
40161
30358
12731
11528
12370
18850
821
48692
35082
31200
22372
50443
50377
44336
14323
63482
9015
64138
14639
56678
51288
32933
50447
64622
50655
24338
51882
13253
28620
24142
48421
56149
38890
22456
46435
38143
14833
45062
4152
32493
10432
59227
44076
16812
21726
22334
24917
10140
1132
44868
9885
12793
26478
17304
18018
43121
29777
60713
20570
40781
1955
59607
19714
38047
36461
1743
26844
30215
53643
28537
44482
4024
1313
26891
9934
55035
39284
54775
6233
45240
47917
37816
27772
13331
33030
2248
38726
62253
30818
23198
49754
34999
2755
38011
21558
13824
19022
14450
65231
57450
13853
9432
26634
53457
64756
27790
638
41616
13653
24160
4610
43493
44797
48923
53397
57982
11440
7596
62811
10211
42101
17911
58496
56548
59523
15736
46687
2531
46468
44047
42160
62968
60880
20393
44133
33277
28153
45258
14762
51221
7124
35475
25728
45831
24923
4068
11368
24248
49755
61266
8367
40282
25701
9363
19468
59742
28885
15314
6090
5054
30272
18598
35297
8082
23655
39103
722
24919
34214
22394
19165
17711
62044
46387
25332
13898
59686
60117
41056
23102
44320
10474
818
48287
20999
45043
3593
34471
47095
51216
54565
50217
12002
42193
21247
464
30607
57247
58733
28413
8351
36964
13931
29754
43495
62548
23235
8902
5039
10554
37983
59347
62435
24027
13611
26324
21729
17203
16388
30029
60020
42409
42710
46340
35065
53463
56564
34259
17537
21500
40679
35717
6693
21554
48614
26940
20853
31258
12295
50132
56799
60012
4793
21325
27617
5528
2348
6469
57482
57452
46161
44659
3061
13503
26410
27472
1934
28579
65434
28531
64652
40551
1935
21675
12348
15949
43956
1457
27911
51592
34691
13742
16797
35026
17621
56281
60865
7148
9548
33769
61817
3232
56462
2471
15015
49259
46673
51377
33562
6057
618
1156
3067
32979
61953
48609
36980
43145
24995
33067
2437
57291
56920
37238
11234
46176
62252
62053
27235
38753
48060
62197
38866
54309
33226
47448
9089
39584
6236
14430
64838
50106
4669
60985
2926
24315
13672
24943
52735
16563
30511
49963
3348
3167
10547
6548
39004
16023
45112
48866
60035
17127
61534
32430
22586
10275
38737
59206
57582
3426
40886
7395
50912
35819
28542
59638
30210
34764
9569
59281
54039
39290
16456
58050
6342
46618
39912
1715
60314
12006
64644
56386
45366
29405
15829
59758
33895
61486
45973
34486
43213
63446
31725
61565
40220
22017
29691
36192
54498
819
56173
56652
32970
54550
20977
9037
31766
52536
1744
31154
46061
22114
19575
46234
47598
31167
61073
6263
43446
12982
32668
39576
54139
55270
41623
60395
7080
11380
3588
53086
38556
57006
39666
19056
34948
26867
58958
12548
55081
24707
29855
22878
14256
6919
21223
8331
43186
59030
59380
58816
34287
60997
44139
30861
58552
15181
32924
62514
50795
13653
7601
57821
42939
355
37843
3020
24886
52780
10051
41225
18099
22910
48363
13052
19372
64013
21929
30050
8835
45065
36879
40158
56957
20969
7902
19693
26235
21619
46688
23619
10903
55469
41915
42759
8515
46741
32150
57455
63462
9355
5683
47407
37591
6756
57067
49260
32566
44727
51885
14988
8863
19892
46024
56939
21515
329
48854
43107
42132
30506
62866
64421
26866
53956
10330
23977
12638
14532
5939
52262
51839
41978
59712
53652
7242
28499
16584
42256
28602
4218
14993
12675
39391
64842
6304
56166
36502
63941
10975
35611
22325
9665
26040
35353
3684
44160
58760
28579
6241
16165
47503
55375
54969
63200
57182
15333
55806
25962
10981
57345
30736
46025
54081
40214
45587
54409
50302
37926
9488
12514
60478
39670
24652
3222
58269
5434
7341
31405
58020
43387
11447
55648
20045
41889
32266
22864
41859
22206
40113
4516
56321
28197
62551
60152
19675
16024
15597
40766
12460
55045
55818
11775
27653
57680
24127
62490
12311
36018
30807
2293
53209
46637
12410
22870
9833
9938
17768
7402
44050
59719
57284
16913
26861
25119
19438
55112
27848
57247
6975
62740
33365
30654
9017
14465
48330
7812
36270
26431
41633
46498
22160
1757
60241
30377
757
32878
19359
30650
32359
52229
38596
43075
59880
7332
61699
3716
22304
26899
29657
57271
44862
9800
24288
59900
36165
7284
60874
19060
25371
17899
65453
1605
51063
40228
41778
56411
31551
60302
63122
61220
36830
25345
59310
13486
56165
19370
54300
61608
42900
10142
58592
49328
33908
35331
19969
10348
17951
15869
52054
47539
62088
52900
10391
20259
22643
12581
1774
47118
44773
49040
19565
35291
5104
25943
34132
26793
7327
18904
64725
11127
60001
52975
8050
43916
20909
14077
55209
60153
38539
21527
16859
23748
37624
50636
6134
51344
42196
57135
8837
32587
61256
21131
62167
17784
51542
62787
7309
50158
26428
43797
53849
44573
27562
12993
27897
15358
61677
47814
44678
52730
23018
46601
52156
28430
23901
6310
45858
29896
44134
55952
45407
32604
6173
43180
2962
42118
19299
42222
19528
56519
1588
39857
34608
25242
5138
62053
5881
32355
50845
39463
41194
62936
3564
44758
10146
30181
24640
21517
47700
60221
61894
14863
16822
45624
49957
5383
19613
54190
27337
33752
33593
2985
46792
56653
48436
12353
25901
55520
47410
27235
59146
64400
22796
1630
51527
7676
63606
13601
8274
38170
41228
295
27168
12906
34949
57024
33475
7345
44151
40957
21704
59904
49539
45380
11408
11619
28398
36341
40828
39979
43462
56037
5961
35119
27328
38810
30915
15988
14531
63597
11723
32140
23679
34658
23084
21518
16631
46271
52434
57524
23368
19863
7293
16543
2482
9702
56409
47060
5528
61422
28281
11475
40139
13096
38329
18463
45718
62704
50903
23908
59361
63241
13826
5123
62608
28891
62312
53354
42350
12815
62970
14339
2138
2414
23364
62073
61223
17918
7612
6981
28200
51774
47267
42894
42811
3595
45549
52451
15556
32058
57345
63394
18416
11571
17823
45337
26597
190
12095
56609
12920
37128
7673
6149
28074
60260
21498
6303
30961
14741
64724
47506
25993
25856
65363
15751
41227
41933
32202
37174
57311
22333
16112
23578
61390
55052
6745
23275
44505
53092
47790
61516
54544
47415
6777
53302
50691
59996
18893
52719
58231
33759
10517
41976
1072
7258
50213
49347
61580
3429
64951
53207
64767
19421
19727
65399
7025
14816
21925
25447
14315
28779
22836
16086
17581
37862
43519
52643
45437
57440
62721
46503
32368
58531
13468
28613
34622
49226
9633
56704
15744
54687
41371
56909
27792
37270
57058
39217
44996
64844
25810
21984
12321
56297
5200
2745
58333
23201
18336
16948
1954
7644
14
1841
25265
26030
54972
48636
12923
51156
10012
25495
14306
59053
50165
19413
33741
21021
17975
39800
13233
47920
28529
50218
57059
36726
47659
61272
45746
11776
42795
61604
8260
11485
57963
14154
40407
64733
28510
20197
1786
47221
35109
61869
42236
15359
63915
21272
55821
19372
3908
4485
29034
55226
11624
16131
8849
47120
42028
53261
63139
14849
50851
9801
37068
55549
6228
50662
10628
32929
39012
35657
62668
40592
55851
28396
13999
36523
55511
38035
32585
64694
24903
29488
60248
10685
47888
35363
7703
53678
13864
54608
37903
42135
16155
17639
6491
31082
38686
48065
31673
14124
54637
14977
47692
32715
37874
2822
59007
63552
19753
32341
1431
45818
51061
32740
49831
10298
57190
44272
22997
12062
3646
31096
14416
59429
58096
42764
43319
45455
23520
54902
7944
41365
26915
16678
28784
23091
11225
779
59665
15493
28848
33804
6250
10800
29587
60317
29519
31099
50623
15726
53109
4182
40184
36885
56818
38815
59956
7194
13746
60282
16195
143
39057
7030
1465
49333
42810
50844
26311
41653
21603
52852
9185
25645
26727
38460
17985
42521
16053
59411
22589
51202
16208
22482
19913
42636
44139
38124
55910
26107
34529
27593
57330
15169
32361
9322
55449
29136
18948
64431
59903
30807
44545
32719
8098
8315
51824
39506
26992
51213
675
18783
23371
60378
39586
18527
47682
37369
60384
30588
37599
52242
16670
22676
54680
19195
18432
14222
31075
6115
19457
34373
59053
3293
427
48258
27605
10482
12094
25354
8514
38694
32252
17278
1936
4236
51473
33031
24629
9022
44790
46444
8977
45995
3321
46900
23587
64880
26902
25656
49744
28185
31818
448
16178
3441
5734
11208
47722
64950
11854
52931
1124
18546
12343
52666
31581
16342
13787
37299
37466
45272
10925
46342
29984
46741
58892
19082
20969
36512
8271
43400
19957
34595
37741
11254
51906
58983
39520
2952
444
43671
21217
54403
35645
59653
34474
45509
27254
51974
65339
43521
115
34750
35111
46211
63461
16496
13080
3943
62112
46058
14196
19518
4530
57278
42122
63224
35207
1405
36556
20797
58918
48763
46799
49919
8834
27113
27892
24487
22091
50888
46185
55567
1243
8078
1544
45539
47519
61894
1390
19067
21484
6316
56604
17160
40503
42273
10830
54814
49034
16667
3852
23217
52746
52978
19567
21986
32945
45588
49970
58128
36503
10617
39803
62983
58624
8674
62448
46819
56657
18715
17755
14297
3996
53197
20155
4396
43873
21189
61511
60745
34479
20875
3152
25798
24632
20739
2216
43867
48258
38601
44158
26171
28869
48680
11449
18572
17552
9787
22262
10729
41585
18731
55762
63765
13897
62525
8427
2738
2357
64353
58647
9325
36141
52756
53008
52296
16769
13438
50712
56347
8719
59977
22010
62250
34072
30119
52418
61886
228
43832
38448
36433
16123
41373
17921
43036
18043
43025
60792
27564
42372
48437
43335
61341
62342
10058
25745
47758
28534
31267
63538
468
1285
32421
60811
6825
13834
20297
41849
65269
18446
53374
6996
35692
13996
9404
9552
41271
49766
1330
48857
26927
24717
44430
63734
30783
56877
52683
58716
27927
65282
16410
63656
13220
27126
24203
26272
59001
47843
14589
26042
62965
57955
17787
58529
32946
21391
17502
5802
13005
8156
30096
44865
13072
30602
31451
46592
26638
9522
34614
62098
30430
61905
58096
3299
18865
3028
18824
28355
718
41682
41350
18529
24052
20595
25511
31912
21251
33369
17273
47053
20470
38392
17026
40405
