32254
1486
12434
37254
60854
8320
24028
9858
34907
50190
26005
62038
28357
62177
4421
45328
34424
51732
43791
51668
43174
36866
7404
58343
60502
50643
40834
55835
23035
59627
44182
30435
9682
4541
10983
46777
20854
7580
46961
53692
21312
35693
6427
61593
56552
59152
57848
60295
63735
18881
59679
8853
4409
26269
10580
62531
45903
44629
5251
24588
51859
59691
44885
3090
28816
48079
2826
1868
12569
40406
33667
29065
6305
11721
17068
49401
46008
51363
7908
46202
17011
10239
60994
56296
12522
62301
30271
64056
43370
51761
22427
61216
10419
13353
2847
27894
38854
2549
37873
14369
7288
38171
50867
61531
48465
56794
46601
16031
21370
4732
7597
58533
51569
37726
46893
47710
31313
19096
33230
15001
25681
55170
11265
52620
42716
40887
47588
6783
15134
53531
15520
52053
53574
58541
12663
47747
35826
24135
25341
24072
54913
36367
28183
25182
17280
63120
40302
13704
28288
26197
32931
29496
54067
5379
52685
41448
12764
51722
58063
62751
26907
58942
14080
50126
29523
31801
32942
39182
30771
26594
33971
39240
63673
45286
31966
31349
14363
11776
54806
20078
14673
19655
47501
38642
14938
41612
63474
9421
54656
35460
32842
54634
48675
20889
23906
54037
32252
26698
64420
41793
18711
4771
12880
14797
26698
3728
2684
33525
35552
59674
26704
7136
31510
11947
62595
8401
14270
58533
52841
32195
16454
25778
37595
10262
39650
51971
18784
63760
26625
64988
54889
49826
41751
41412
7018
56355
50151
65100
31963
28202
39871
8550
19445
28153
17770
57948
4394
2386
53586
37339
48299
1842
38806
33380
16076
65300
30801
41109
64359
12882
44240
53206
9773
61241
49269
49531
1604
16620
24344
31006
45100
12154
5542
58478
12192
15403
6050
50183
64661
3495
13468
63913
56821
23349
27933
17567
53882
14635
16315
61227
64546
64802
10184
55532
96
53927
64383
60576
51822
49145
20746
14252
1815
41282
26639
49277
55668
48296
24137
54528
43503
12218
23558
13751
63374
27993
42798
64081
44527
48653
55829
45195
33091
38288
32902
62197
44444
53997
59681
54526
17532
42906
28124
5893
38213
33134
44075
42864
48628
30388
54228
17938
24828
10628
1598
870
780
16730
52806
13239
3091
59870
25819
1195
22455
28042
13006
52030
34165
22899
17207
2314
59318
30554
2910
57899
33276
1464
56689
39205
44856
46464
14027
646
61609
35572
41310
33782
46151
57161
40379
44898
43764
61417
22613
11529
22565
3757
9846
62186
2128
7911
35777
177
9397
10108
21046
26450
31344
48333
29825
64694
3657
44645
64205
4380
56263
62556
12083
52218
36223
15519
60533
21945
12963
18189
62105
8409
23450
64871
53197
23685
11515
15649
19067
57088
53859
54295
48038
581
54944
40239
24774
42711
24393
5929
6875
54510
48392
56895
36401
44645
65360
14908
12991
41183
16534
9498
23959
21150
3231
61170
47933
8183
14910
61275
45739
27993
56396
28721
54067
55191
28736
27388
2931
4042
55744
4919
30501
26680
54589
26950
5658
35476
8474
21114
30565
30031
24387
41086
16025
6812
51154
42100
45462
7504
7194
18925
10359
44342
127
61163
46423
65437
42147
12750
25418
25964
8569
11149
30521
31686
42072
34280
17296
49390
47071
53110
3320
28569
22515
12180
38179
11026
36433
47677
35687
33609
10489
58822
2999
13820
35811
38084
20521
3810
42840
37961
64665
46393
43468
52055
28534
59196
64705
7664
34967
6526
7336
24994
38448
57958
7997
58931
32774
28924
42775
10820
51315
46258
17287
49248
7852
4526
23119
25295
26650
57978
5195
29934
38768
14440
50691
7245
50239
14925
539
26415
24286
21371
57082
42128
38953
4600
45016
19007
27548
14328
27272
26573
28344
3727
57653
6559
46249
44878
47727
43820
13878
28137
63235
28986
52072
3768
47831
4223
43269
41000
39478
34854
59873
49111
40293
38318
24450
5211
8633
11822
25997
4649
7226
26250
30773
15962
34557
37393
53590
8877
19996
39875
39002
59564
51820
48266
38192
23153
37892
32195
33893
45598
31259
49965
57038
12655
59891
41658
36126
53732
7739
54206
12067
41494
27075
28330
15208
31640
56891
7106
50776
13203
50389
11945
19530
3122
43627
4996
28137
62576
43674
6918
55562
53275
7761
17988
33132
30881
15634
8651
64012
53212
12081
38595
29572
11705
45529
62632
16120
37485
63229
51371
14308
19954
43127
9007
36331
63262
32056
25566
15086
45668
37326
40710
37602
27567
44345
25530
22271
37474
8532
8253
62704
6038
47189
21163
1037
21409
41069
61320
7848
16107
46683
14281
57399
36004
1091
8527
61936
39653
24169
11141
12901
56973
40229
18381
28713
34045
52257
44734
47036
160
29593
32592
43706
33482
11023
22798
44475
23233
18867
25131
62863
18131
15894
51568
46707
48141
38778
225
42647
23939
9584
60301
9674
34123
57875
35564
62286
8109
683
57678
30852
18257
23300
26561
14197
9032
37092
48999
46346
41075
38495
35596
22527
12561
64298
52277
17210
18527
54410
5959
12367
1744
18182
4104
38259
47382
15182
24
53110
63278
16406
18403
41014
16253
16566
64213
43187
13877
18101
54653
50999
40491
18394
43499
56324
42985
39555
43903
56034
32924
14932
8005
36309
789
10182
62468
8729
44229
42400
37354
33206
47752
29455
52873
51408
53756
47267
55431
40484
56542
52782
43942
48717
24549
52647
12770
54564
22526
13198
16677
35099
23385
49494
47203
2024
38014
41996
17962
16440
35254
36032
56944
27095
64492
47547
45096
23047
64876
17147
18397
5854
8167
17038
57119
21430
64359
52716
35642
26729
20710
19001
50135
23349
26635
31629
57967
8080
54906
10098
47949
43849
18363
20002
27187
58788
29340
18214
63992
4214
55298
22583
50915
26802
4272
6846
41678
8238
52810
33169
57750
65114
41415
48094
27024
46941
60063
16810
59862
40875
49823
13981
32550
47162
59170
4789
52770
11046
36580
23648
47943
33771
19721
2111
11133
57126
17451
30617
53869
57654
39459
53502
7459
32558
29164
34471
20321
24931
55320
54108
35148
31576
20751
62743
48054
60652
10192
10269
20136
27527
58379
45859
38490
32147
37637
54210
4582
24477
23805
21128
30869
32603
29775
24041
54202
15709
63298
10579
26337
11700
62836
43061
39231
27186
42633
48215
6881
61599
8862
4836
25483
36577
29713
60217
60675
46925
48912
56168
44480
63735
57319
31356
49036
16873
51093
55811
12204
7011
26562
34537
23866
4438
61765
35878
11651
43630
31837
18419
52723
54100
55286
52814
16387
13439
50890
46184
35914
52737
18541
16369
60788
33776
65216
40566
7717
46463
4549
6823
6295
24682
47923
10864
52742
50130
23424
21419
34071
3938
48758
33523
31266
33012
34991
38090
39546
8062
6747
6402
21212
53328
6850
41475
54696
41013
56281
19506
30862
5731
34380
55254
11240
11564
16692
64021
45535
11930
44200
1968
64446
8120
2576
20406
348
55943
51356
53211
1045
181
5678
42566
8211
16679
46686
32739
64991
31018
56101
47923
11799
22373
38894
60603
1319
2731
46805
16145
44420
57305
5336
1853
49520
2709
50603
61028
51894
12553
2205
16607
29665
11287
13453
2138
8938
2388
17423
38775
45909
56475
26181
9014
1801
45948
4724
24386
35394
59688
42174
854
6265
48341
48113
25616
20021
39092
39743
29330
45107
37191
23577
11215
7361
32955
21143
4426
19926
61581
28700
36805
1480
22823
12710
27444
48300
54924
56794
29292
14564
3990
7183
43011
25268
27410
6915
60030
33716
49872
41003
22027
9934
15381
63730
36158
29702
4185
22299
40496
15035
56946
1096
45183
41021
48149
540
48812
13127
14332
12604
19288
22102
40852
12494
18916
59869
25516
17066
28608
56025
15753
2992
33873
65120
57555
2428
47675
4207
15827
23153
24539
42576
54062
24994
4187
4000
53109
27332
52819
33496
9739
26750
19811
51410
45220
6881
26684
48074
27863
18721
50562
58734
47243
16128
47875
14801
59189
47526
8958
60813
5898
36234
63117
37348
32329
30589
14766
34021
4560
63743
31079
12053
41012
6138
27499
5910
30158
37211
45068
64837
39045
57513
4992
13878
30655
60010
52189
58503
27726
15791
26574
43506
28782
29588
36304
11089
9802
51332
3498
41959
61250
13557
27767
24942
5989
37243
63037
46941
11538
26398
63789
43003
8894
18294
43307
53903
53198
38797
3958
16879
55391
39759
20374
64604
45737
1610
19320
39966
5499
19019
54581
20966
58603
27881
1197
9077
23852
2324
36375
29351
37048
23808
46327
14662
58989
57510
33648
59581
12002
63011
12673
31562
39790
22812
48502
26852
32259
33986
11640
31672
27126
28356
31528
18352
26373
64369
60047
56445
44847
49968
29621
37315
15039
47186
39743
9849
45601
12398
63768
43003
50896
14322
43158
41953
46130
57993
40191
16486
9699
33161
20008
25995
41504
50611
12658
7565
23416
45838
49667
47857
38152
64981
63436
55290
3926
53312
43486
51129
35486
57433
42359
44027
22965
40374
31200
15397
37171
6650
16737
62573
62321
10898
33144
47234
776
10747
4194
63847
20164
19238
26478
21922
61459
10556
28770
33800
33078
13065
29321
51910
19628
53555
36856
3377
15032
11777
22568
31611
21943
60827
12358
57518
40361
51930
64215
48381
18339
45449
12788
46730
41706
54310
62894
23147
64665
58116
42075
10305
4931
8257
58674
37051
19473
61487
46975
21980
51838
28462
54579
49561
41601
26168
64252
44800
7732
55108
12633
5087
21704
23131
1320
55676
2728
15625
10365
37670
49902
37004
6747
60863
50146
39120
45220
1917
7041
53868
31736
34073
10473
64893
62714
13047
45382
6187
22143
43548
13936
40416
3317
183
22838
9782
27026
39802
14756
6904
18805
42834
64778
24399
37342
56202
37543
59758
59931
36232
56043
49981
3671
12169
41356
64870
995
55172
5383
34814
43598
23788
51656
23768
12854
38121
13761
59922
64047
12174
41260
14878
21396
2606
58434
14307
35463
4043
50463
64585
62782
43597
35539
9211
14101
18090
56598
17126
1922
55877
14031
15417
56044
38571
803
14439
30800
29221
20168
33598
27612
21
43705
55330
52809
49364
17852
8911
16589
47194
37713
2868
59087
16271
62118
28848
30157
56462
14248
10565
32107
33949
11624
44616
33546
7676
28013
34893
35245
47949
50098
13268
23531
19338
12448
54778
43518
46155
26783
15119
18627
44107
21374
18811
45307
44392
33588
57252
34284
48625
34586
9610
52378
36571
60062
22924
7323
51837
52690
60853
18075
41217
6969
16694
56846
40635
5849
52157
38523
54191
39586
24521
53857
31588
16148
18305
48027
7860
56014
10222
51726
57908
46993
27474
54578
23575
12167
10061
35351
56387
12865
2675
60809
18771
32358
63691
65416
64925
15207
14025
53346
9154
53251
36298
43219
37644
31676
49132
10735
45352
54459
2104
12678
47099
17402
63740
16145
58600
17161
50276
41525
29978
43927
31808
41418
2482
15486
16948
32847
30533
44105
16577
6961
47626
38897
24511
58165
31863
29777
12977
56650
57368
8886
38137
28523
52939
26919
25757
33359
51234
40088
29632
41207
17675
36686
19340
14329
27839
64087
9882
14994
10582
20018
27336
50121
61871
21942
44236
37335
9016
65453
45775
8757
12032
34214
52830
29557
62252
10785
40835
16066
56532
26322
32224
37194
52604
34403
50092
877
27675
56146
30360
44839
49697
10992
21316
6806
16087
38289
35358
2604
39925
5437
2027
14340
8404
44812
46445
40097
24020
38963
22083
12483
54447
56331
49470
39145
46064
2321
59437
41291
11753
53557
16400
3337
53529
9654
43655
7846
18995
4553
58191
42831
17557
32851
24780
24851
20695
59639
56287
34890
29462
63179
15159
34520
12908
7287
26433
26835
39688
16536
30281
18533
52583
47727
42725
23205
37227
7927
42998
47372
7383
35023
56728
53741
52726
16213
50075
5027
16129
35139
31822
32749
34392
58682
36694
1543
61402
17705
3878
33304
8764
57665
37967
2301
51356
15301
13273
46714
11308
5804
41605
47987
22960
32196
23095
46687
29516
53238
36793
59018
12923
64973
48163
33000
29424
10648
34453
30439
25374
30016
47910
45459
10459
43662
37648
25377
53483
212
32899
46595
21298
13110
47050
60969
39549
21547
9632
32502
54350
47207
27427
37168
22210
36043
42362
13130
7298
38080
17897
14518
26412
30764
55802
24404
7730
45968
51888
62617
49462
31660
2059
22959
53838
65301
15122
42326
11334
48908
57389
8908
48901
3105
54672
40048
45023
46718
39868
39402
15098
45061
54369
26063
62742
4362
26245
36191
3538
58214
23163
28931
36016
27391
365
44922
3881
18869
41545
25900
14790
19434
59587
18368
36760
14931
21357
20072
116
35639
61677
41483
19228
25360
47544
2489
33225
35440
59582
46198
57229
25888
38544
23530
34237
21211
28916
61299
58159
41339
31076
18044
55045
11608
20172
21267
8155
45079
27395
35666
10890
42633
22320
423
17477
47149
53500
1842
51838
18166
9664
43312
5301
39836
37968
5590
62551
48978
20960
54710
43488
13263
32298
48196
41656
59890
57170
42647
50911
18889
64048
54569
47219
44904
46872
47514
40661
25109
31942
11150
39683
37688
4996
12569
20139
10083
34145
4014
50028
42890
36921
18140
32278
21103
41972
6848
35741
48764
38693
9182
55134
26449
61367
6901
58534
4612
46426
24071
44340
14884
61130
55128
33188
51696
62833
19115
29123
25507
44875
28313
24327
1809
64837
11988
45531
41317
40246
7625
31298
46980
30795
58393
27009
8255
56472
34635
18709
36104
31699
52189
15525
2369
11502
64393
56853
50448
37274
5303
62977
20161
32229
54244
54637
60135
34275
33753
12562
42515
59649
14242
36961
39977
16669
59555
62903
28596
28131
39981
24075
47425
23310
55589
8278
48614
8711
38170
33943
25247
4765
49736
28811
62693
64360
26175
45575
11442
18568
14649
39010
62175
51495
59120
36593
56204
61037
39525
49396
62239
9567
63423
29035
7778
22811
22997
29747
263
53426
36258
39214
53666
12124
17957
12099
18312
16511
38437
23408
25361
52125
54185
59451
31523
7276
16166
48516
10618
10011
5617
64828
15090
26406
23847
7238
10286
54999
54234
54813
40891
7502
56151
11935
20783
19478
13386
12782
23153
24980
840
18858
57064
8252
4558
14983
51463
19266
64828
57163
32893
58022
63073
24926
27826
13365
45852
18941
28693
10531
14127
26626
19677
22488
57255
48643
1761
41642
27617
6816
31516
43959
20480
49093
22664
43394
14027
36082
29160
22756
2529
15372
8126
5446
26685
55078
35546
33062
14323
15278
58158
35536
22437
16393
24614
25826
35406
54161
18385
27508
3807
51644
44529
35208
39358
9429
54648
13400
51608
36455
19687
15073
46789
40057
32056
39583
17924
25694
5394
406
13890
53448
29795
13028
61828
2152
61647
4555
59787
25464
47027
36864
9622
51280
56630
43247
43395
1223
20907
20361
28047
31324
41241
3717
25128
24671
3390
25870
25697
20051
63870
15626
6230
43843
2822
65472
16115
45012
22060
10860
26542
8319
43565
20003
5984
47748
29156
10781
3649
57401
39382
30183
62397
4278
29513
44469
22427
20642
30393
48266
55224
58921
61672
21424
57984
28812
14772
26488
45013
47832
65309
20086
23325
56205
37607
19974
62906
65342
46619
46373
13909
59237
48309
48144
44140
29373
26095
1393
45009
11500
26533
61197
27535
30004
62441
5200
41007
45347
41685
58515
44582
62921
22474
52043
29169
37500
63366
47870
42543
42827
56635
31738
63499
54543
14162
26205
26286
57492
2416
16570
61064
53329
34217
46670
16384
65436
12667
51927
37804
51615
16178
61543
2091
27179
65164
26839
11034
9781
60557
33491
10155
666
64903
54047
7027
8998
29194
64862
63791
38334
26571
46390
4093
63346
28453
61712
21365
25764
44976
16958
45434
51710
10075
29678
5718
34873
14086
34707
1797
22575
56999
21099
50211
43801
7519
1292
42334
60093
20930
4234
50497
6958
30684
23709
29234
28717
60176
5959
63471
52142
18954
48638
13499
28300
2849
40149
12871
32213
10242
52253
43255
12495
50685
3329
24032
64938
20032
11305
49225
35868
61097
32393
64473
13832
52886
37004
61542
59309
50984
9486
8876
45801
24090
60726
43996
34122
21155
12972
54048
24977
56628
13681
14222
20055
21821
13445
46778
13294
40184
12490
43036
17104
48579
58031
51113
3671
17749
22242
62763
26288
25746
7199
57127
46839
57445
61629
31582
17359
41374
64747
23831
14649
2919
49845
63264
2755
25778
3941
55397
51345
21772
40856
42190
13939
5883
5543
33219
16040
56960
62291
23064
13296
44184
57078
47996
51514
32560
54436
53062
5218
18313
9918
25377
62526
53091
50077
24745
11900
10284
49224
27788
38999
39717
18606
11420
32394
62863
25783
45731
9704
57415
43923
32822
49380
47768
30346
39042
45688
38647
50675
51417
38925
36601
5498
64347
37041
6064
31576
62308
23791
62996
49229
47512
3674
41107
59302
46053
56727
33117
3990
14823
29182
22724
27800
13661
49014
32106
34499
5353
44386
30227
51060
6082
11626
34545
24958
34566
35127
18023
24720
47217
9602
42853
46877
32438
62899
25901
59770
27188
38195
18574
30361
2826
63221
64077
28492
48853
17636
43051
34419
15441
52585
63374
42981
27171
33752
36423
34866
8211
27960
47730
20096
43250
29812
36379
2013
10668
6506
61271
19699
32348
35382
5693
58818
42112
47847
14207
60019
57585
4336
42219
18431
36316
29043
36363
23408
19409
27954
24312
29363
16859
21797
56074
24429
14063
6484
8583
64719
40148
63131
33253
3618
716
31605
61154
47689
15484
31636
55344
61634
122
12792
25606
62232
45621
17865
32800
37783
47439
59342
54861
52205
19066
41363
20612
65360
1298
62520
8065
14932
49517
13252
45065
59697
43043
53335
45699
38385
36548
18609
27304
49416
22026
46507
60853
22934
30321
34149
41431
5551
17542
34725
9530
60540
25630
30545
33979
43881
59386
10188
40619
4544
17778
30819
19947
24635
38358
40127
58997
62741
46641
30815
1790
7797
55859
54596
59995
24177
50650
27509
41460
49486
12065
55564
28584
17934
23217
9880
54276
48455
39448
39995
17982
31530
29816
36913
64235
7460
36594
46968
55845
61759
46158
8387
23029
35788
16309
25576
59265
27838
4620
2208
9219
39579
26144
36850
42693
30580
11842
59795
5022
78
5940
39072
11142
16068
732
5431
34444
15551
61278
47989
14218
51097
51333
37560
41749
47980
15495
7824
63800
1337
46064
3605
26675
46444
7375
62204
25005
14063
37906
59659
310
12605
35749
32836
19639
28703
31033
55833
54167
58669
24979
50520
16856
33460
52858
13667
18597
19480
29439
63205
3242
13225
34195
55732
61727
1639
28047
55458
33588
14876
13396
22013
40086
58172
37723
8804
3666
12956
58960
56466
63633
49393
26613
25551
34179
36308
27269
32422
63760
47371
15909
40631
39523
35799
51764
24942
64784
49950
51393
7967
21715
340
45986
51445
24815
40108
57459
56590
16794
22634
23974
19209
5361
21173
39988
3333
14648
48665
23611
16010
39170
39058
58360
2084
64355
61877
56340
29579
34582
31693
63797
65008
29497
49118
41972
15435
29417
17944
35482
43032
5918
51415
6391
43543
65466
47972
62099
10555
51010
30706
28698
57688
48316
51613
37640
46231
35843
4632
11240
29910
25368
3378
64931
17002
24930
10275
21568
53261
13583
17921
1108
10503
13730
52647
4519
6624
26246
27965
16622
36787
1913
62461
49904
63969
43908
6488
12671
10265
48785
852
10173
26950
22396
52542
47108
35474
47502
1062
9825
34357
21657
4101
31070
55060
14644
14051
61579
46129
23921
30237
11106
35751
56966
41525
54765
24871
19619
7882
38801
120
25444
48077
12490
9288
44174
54096
38916
2701
21035
42672
19578
36546
41102
65245
36094
41819
52287
62387
59826
59784
61862
40657
25401
4758
41900
54612
52352
26750
5117
41804
17664
33869
48898
33481
38907
54859
11077
34800
35849
62073
30404
32771
7361
5707
32392
34918
44755
8633
20784
23804
401
44324
51595
41749
64049
34996
2862
43309
17883
57280
17796
34463
7490
63924
40325
28902
37762
15583
48317
45223
48274
17822
31510
10743
9845
47731
29873
55974
4559
40397
57442
31640
57629
60553
1082
56262
16890
61743
17077
16570
6444
17646
50877
5137
43451
17064
10091
5031
13978
50981
22837
4772
3923
27033
14074
9686
11687
7151
59073
17378
19072
31061
32513
60899
30025
20588
50323
56866
60393
6246
38286
23933
45298
18576
36811
58591
54986
49969
1789
9804
63393
38967
21085
31583
64064
31648
33298
195
25730
55075
57343
24458
53578
38009
47723
62024
36201
62027
25929
64378
40591
62904
44063
51859
25245
22302
21887
23814
39485
23427
47143
40460
15867
41968
47865
30305
28667
5207
27538
11918
22440
44952
11105
35745
17545
41820
25238
36733
4594
51328
55496
39466
21893
14411
12160
39973
4466
4679
29634
57488
875
14487
58833
19900
24967
22292
57995
51933
23777
31243
46947
43724
30603
16354
56348
38523
59728
6352
18443
63454
22876
12564
54136
18769
9305
50807
62337
55971
50202
27839
42852
2445
31459
1586
40482
51091
32450
31056
15769
5103
52117
35165
46353
18635
18415
21482
64458
65169
44850
44187
28195
9462
12
28249
42163
54286
56943
43120
21941
62043
16838
15835
38283
53995
57833
31102
3257
28607
28584
46080
47556
26607
7928
15752
50626
38865
24422
60366
25176
64863
29637
49397
5116
23996
6540
41762
33489
3607
29278
62189
54094
31100
22499
17491
54400
40663
43295
10585
55016
2084
11520
25487
7970
24516
9331
35080
44100
1487
38111
21710
44415
6980
14764
62188
23036
28785
37837
19671
46379
62989
43288
27841
17701
38746
57742
28334
29034
61323
38594
36502
4687
27659
18864
18981
56616
13390
37519
17640
13386
35652
39041
51918
9402
5947
35398
12544
16757
14213
22968
29543
34065
54289
26139
36330
62045
35717
28250
13547
30403
31949
15976
16786
23263
3653
35312
27588
25775
8263
1757
58367
55450
25690
5880
49030
23831
36841
52831
52289
13112
40428
38506
48178
62529
16999
13909
19364
2446
10245
26192
30086
42266
40306
42442
58324
14495
63741
18037
44414
57497
12867
38064
2833
6347
22492
57446
46796
6993
25848
46470
56968
40328
62708
42578
1463
16623
19331
13145
58573
37878
34177
60986
26584
50690
36910
25573
55024
43311
63803
58654
33904
38717
26120
14615
12511
23619
44923
31282
42316
34540
254
42455
42590
40448
15192
22327
8772
46579
55476
13273
88
50794
29942
13355
34369
57555
52799
4129
63477
46405
16172
31857
41071
8994
20080
41491
42447
43588
27499
45759
4397
22412
52065
39497
34992
33210
28321
46626
10640
39574
61746
62308
38756
7921
58785
24365
17131
42582
44297
38519
27591
26822
53768
25424
54526
60746
2364
49875
3260
32187
34646
62057
38981
64668
48474
5444
1130
54590
26367
31669
17577
8001
9943
51764
34193
55083
36848
8948
9408
2635
64205
44964
37877
64445
59309
62831
16620
29089
34445
35317
51402
10268
31128
48807
14803
63210
48227
44335
35916
37784
5944
8101
39762
58222
14356
14956
65124
22758
57860
31875
17684
39726
34042
53362
57789
26078
15333
29205
19065
14560
63455
36869
5238
29311
34967
13368
2008
954
42361
2924
58562
29282
50464
14183
24645
31880
26976
24762
12087
9355
21270
26260
8990
50029
63942
37312
36924
58601
3896
27789
38952
8928
37566
60449
34560
44051
21739
52650
41164
18441
54361
61353
52408
40526
5494
59599
12881
7145
32359
50165
5101
1379
63036
9085
49415
22872
20186
62880
35674
56430
41433
36714
49835
8705
1521
43253
16654
3151
45889
5626
14973
52982
3763
2271
854
39157
45010
16667
11374
523
1184
62627
11068
28358
62854
39710
41985
27628
39745
10391
15377
12242
25797
37086
54009
42344
40880
57037
60400
16414
11899
7745
31279
23763
43732
35907
14225
9701
27301
50063
26425
41588
64377
7874
5505
3519
65211
1675
44282
41127
1696
38045
40119
62376
60115
18457
37949
52955
43390
17251
47260
17776
46905
65233
39357
4266
50635
25582
37021
27070
50387
40211
18355
43332
25249
30225
57492
47922
4558
41120
59096
51528
1475
46866
62042
49927
38072
30074
14780
17141
23262
46451
37435
64080
8315
45209
26125
40067
16534
29132
61566
55596
39616
49745
29163
3372
44386
35941
52
57773
17157
27865
46304
43938
39208
60357
56694
26504
18646
7445
9046
26437
6953
32586
37650
25235
25775
30948
31566
52377
47671
39894
56004
36257
47698
21016
21761
29901
15335
23236
2904
64607
65
18709
52366
50105
50967
16162
49244
24729
8110
6535
63734
65187
53735
17410
56488
29907
60153
57719
17085
54956
11738
61858
60505
45172
34195
32880
10076
41010
14831
46024
2782
24489
50954
61946
63090
28045
35020
63795
47884
28895
53530
62285
26621
9972
5309
20090
53806
43837
34843
2969
45265
51022
19116
62085
48505
52461
13439
12022
27408
31806
50336
13483
45924
35063
43781
16621
61338
33268
25422
64317
52931
36642
19611
40178
20937
37221
41918
39640
59459
36632
55581
64365
57488
18152
5773
13570
46621
42101
14661
19021
63363
55275
41287
58345
35234
7437
37153
16768
32754
49796
46077
54004
52953
48622
2042
4402
60296
35554
40966
55885
17070
26733
617
30764
49093
55857
42217
34007
57819
62857
52268
23520
50234
50310
44885
51522
16991
43976
19030
44204
48561
60828
36184
20437
32109
17184
4901
4691
34558
28864
17375
63199
23252
12263
17413
49566
7976
14902
45208
22531
6664
58703
26207
22473
43553
33562
8284
16251
43889
4546
12334
46895
57478
43846
46766
28245
12964
62667
17558
62787
27395
17861
35555
39007
23346
65046
47247
6428
21668
59436
46240
41360
61884
33506
35578
53786
28965
12729
53027
36921
11349
19827
21012
42540
5298
58027
13616
397
39639
54347
3428
57354
14417
13883
17787
64802
40583
3133
63233
20310
9928
16786
1727
10619
47992
28093
1509
3265
58530
6837
49195
57288
20788
8446
35497
46392
37553
59346
55691
58084
5485
54662
44396
50473
17429
32797
58036
25236
7377
58268
44200
20651
21862
18148
51150
5972
12570
53396
49099
47033
34253
48753
62356
39585
19556
16411
9428
60779
57757
31769
13226
56226
46860
36333
63803
25105
8248
27246
14452
4633
16484
42826
22553
56302
58860
14428
40725
39470
63249
8658
28964
42981
44184
62198
64258
20633
51813
16889
33836
26775
5228
65299
51787
32472
31675
53187
52618
53707
42743
18689
38058
51361
47692
38996
34977
36854
19938
64281
6575
59708
54452
41282
40350
60614
58731
39855
30349
50165
45483
29152
33611
29400
974
10111
5418
53339
17491
22810
6951
50760
5403
21151
19920
53765
23929
47507
42527
41620
51651
53076
53333
47689
64256
13975
10597
56118
26220
50746
41267
1487
61269
6924
51511
36181
14770
28184
51593
8638
54539
39905
46909
37560
14270
17793
38433
49120
18600
50930
60701
18000
26517
18401
54396
35255
25799
64341
34089
53839
14220
62216
29280
19501
20595
10438
29418
51439
30415
6491
59970
14299
25113
11558
45828
41816
22841
60981
49015
31711
13291
14448
19678
53594
50904
42018
31848
59675
732
44849
62904
37650
55846
62180
53583
1562
25271
47973
52243
22369
17832
8491
25304
29479
842
12901
10137
49845
53799
30300
44640
32643
61217
51923
27268
9267
29341
63557
60502
34399
63148
56448
62841
60773
50277
43790
41948
22661
64145
49171
5857
58943
18024
9730
60522
25371
26018
1958
17863
54082
21882
34490
7463
29674
722
28643
16213
34219
21774
35568
28362
18386
54946
11994
56688
49361
46660
28294
1685
13667
15235
59447
54907
14063
38812
15241
31737
63174
36807
20331
23537
2539
63145
15754
62234
2306
37946
53545
5531
63536
14939
45341
43611
36060
1826
55442
2964
18037
36829
14188
43648
18316
61573
40754
1809
61681
32780
2414
48069
2022
5669
29305
21532
53287
27948
23817
38916
26046
10728
57622
64620
49973
18520
64813
34725
59304
39980
35749
55886
24888
37559
61938
18973
22450
47171
32094
16155
31526
28653
10639
55787
45293
21575
45447
28533
626
39474
45578
60282
24720
17508
49852
28144
42633
25201
5497
26941
18506
60194
44747
33523
54388
44580
19127
37584
45384
35375
23026
5278
60522
52564
21692
55771
53448
5707
2245
49411
24987
21887
18028
29390
56688
36698
24346
18203
4529
16762
38323
18049
51182
39404
63578
6298
40565
40476
63620
3439
15389
41068
41591
46197
22569
58203
57606
60963
26144
64352
49702
35731
62907
57164
15124
25057
44627
22060
7517
22322
19165
48838
44522
52879
63740
55019
52580
64981
33333
20760
46927
4004
12669
53043
9595
22855
539
54101
64350
230
6080
43597
50661
9469
811
13785
59304
65354
33476
64713
35860
20252
26249
61355
54368
55661
6959
19375
54037
64505
59850
61468
44894
4851
40640
36360
44548
56080
61100
7006
49407
42119
31716
34144
57045
16038
36270
32103
31551
13488
62635
23963
8636
58141
54119
23968
59319
26847
58539
36804
30664
3985
55972
54836
24317
56251
60967
54327
12761
21086
28005
63817
51777
20952
5257
865
18900
61833
41862
52831
52591
56097
13805
17202
22602
65529
54908
10928
5068
46316
12217
56915
42297
37092
37921
59753
32662
16129
64396
14551
18992
972
64019
58692
43358
20014
41673
43806
32156
27673
48556
14599
13175
25153
54467
10305
2770
42213
43929
59457
23342
44992
55
1287
7049
57945
29240
10721
62946
58422
57866
53717
54669
33313
61233
61245
42645
758
64040
62545
26411
10874
40929
61899
25339
64353
13087
10686
23570
23953
217
53360
22060
29961
45307
62614
63916
49757
48712
26925
34805
29848
59213
59692
63312
32933
61407
34729
15446
58343
32653
34271
12820
19969
46891
18995
23005
14781
2373
40210
30683
46367
21184
60937
44255
9934
59292
42362
13251
58158
53161
54086
18175
27852
7099
24623
52597
39781
38836
43853
47933
39017
47274
2069
41850
64142
44724
26671
42072
45162
60720
9377
34993
8533
22196
11892
34633
26000
62020
26530
18591
32886
8122
23964
5313
26201
36036
6747
1369
31546
14228
33548
45271
31335
38315
44450
2201
6374
15218
60748
63147
8538
62479
27887
38288
25815
27722
16601
49598
41909
41403
17240
29783
58287
5487
30153
63263
41524
584
28609
22344
58653
53573
62549
23485
44412
59973
45788
44689
34418
40563
44734
57888
46125
51687
45329
21037
62056
7516
51349
28255
60378
1307
40361
12078
28908
7437
15395
40924
834
53652
47475
4079
21836
41391
64698
1734
32546
28495
20845
51617
31819
64583
63458
25772
12971
64790
39022
37741
49662
43907
16629
3402
29323
7117
21334
50502
26327
47142
42304
35456
33064
55112
59233
25285
22650
5938
35125
12708
15129
59954
55978
36323
19397
28959
26000
31089
30436
20388
5736
28792
63128
10201
35821
19480
8793
56337
26017
28132
55868
33336
22646
45205
43700
12607
39438
14444
23497
64209
7507
30932
5097
39672
26706
10451
60419
41778
38282
62001
64887
54392
53482
64674
7953
12098
49792
39096
46021
5152
20340
29592
20165
54633
24075
8766
41520
24778
59247
47637
31033
4741
24882
41714
13429
32145
49645
25329
50208
37303
21479
30296
47135
22003
18007
14088
6279
51392
11322
32533
41181
57268
22445
43554
5315
45602
18633
21009
23540
48132
14318
2505
27112
65008
19151
52069
39688
54255
11363
20083
14558
28719
65366
41573
35844
43649
59936
16058
62565
15771
46859
17457
6211
34243
7936
44909
17247
15890
51913
21846
15369
31653
16127
24940
31750
63988
52007
20892
53120
48294
12974
58244
13699
60473
17058
20105
23113
21841
34452
1119
11159
48661
23646
56581
49394
41942
32623
59199
28930
10398
14550
33064
29903
26489
17382
4652
33425
46864
5751
64917
4726
58461
50467
12430
22244
22238
35853
802
47142
56712
48530
42774
36290
9760
6343
59246
36721
40625
40954
27055
39029
51735
55735
33022
30267
46938
7990
3889
40396
29875
4558
25090
57154
45195
57762
7224
50307
5501
23111
33089
53883
31679
12018
10301
33486
41801
12691
41068
14047
8228
12185
2121
20158
26390
11821
41558
35781
23899
29646
49431
40818
11662
40518
39162
21937
53527
24513
15347
1237
31620
21059
63051
27083
14051
11540
30455
64631
42949
17505
40982
42323
52316
2391
8532
26705
48482
54207
58348
37922
37387
54834
17104
28984
19391
3097
8229
1377
41680
50837
62374
49120
37788
7874
58783
33105
13150
7524
8351
59966
23596
12769
44415
43330
54012
43168
17959
27309
57092
35439
19716
44966
46023
5999
37462
28714
17200
64748
36556
14229
2864
33007
34365
3716
36539
47576
24991
47840
51088
45787
49782
58940
60121
4380
24431
65386
39557
18826
41500
65201
1422
49728
57635
24843
1280
50667
54884
37048
27547
4480
11922
39657
39164
319
16226
31673
30046
39893
28478
58354
22414
18891
37868
610
45018
61228
29441
40334
36772
54172
120
61682
1331
17740
35568
17087
25560
20132
59165
52338
44051
33649
33534
5289
6646
7760
51024
13079
37975
65209
42560
42323
48929
4046
36086
36910
40306
17253
62292
11354
51090
6344
13552
9021
29190
36778
59632
22818
21213
36827
4819
26290
62099
55324
7845
56246
8281
27200
40706
51365
56343
31755
48628
39055
981
384
7491
37048
62011
51248
12989
49526
36455
28999
45317
36290
34511
40216
12851
47794
65511
17885
7392
32077
20855
46727
20403
31014
56948
17746
16538
64661
11052
54145
16572
26207
53640
41754
53690
26746
33330
6856
8369
32493
65012
6786
40098
36339
55043
41927
4940
38670
20963
3482
11880
57873
35085
52858
29309
28225
11881
43666
45248
37722
23378
10613
18163
30468
6489
43019
49114
52196
16978
61189
7957
32174
23102
3299
1777
54820
61982
45970
32084
61176
4717
7465
60366
6169
35505
27870
11358
53803
29602
25593
8179
50728
28527
4084
17644
17405
17268
20927
62913
51309
14939
38581
37183
63342
59655
21228
3498
41652
61217
53708
28293
58090
35379
21463
26147
10087
2026
57491
20667
59927
39024
30231
58351
55166
34735
12997
40682
24336
49189
50686
48533
51981
54276
8019
42944
22363
10559
57647
29359
65487
46643
33864
20978
25902
14398
59160
55191
3626
36707
38611
35949
54193
57505
21564
43107
29735
48133
6144
26302
62444
538
42640
16278
57830
5967
15104
35874
58482
34457
26012
31877
56011
43173
44280
9578
14640
5777
58761
14361
59166
4523
42884
36996
13045
31903
22500
29819
50866
15093
44507
49247
30888
65449
42114
35570
45402
64248
46322
61769
19718
16505
11865
37563
28302
23515
51447
56337
2349
38377
6251
13282
19999
5141
5718
44924
53079
9683
24098
51428
16449
37047
52933
11025
47848
1959
37622
18375
26439
59809
35302
58129
19577
35150
12113
42034
33148
49547
31613
56123
55828
31248
17747
47722
21362
34502
30509
7665
8593
43810
46902
17497
56481
47443
11981
63379
50095
28458
35271
41886
28992
65342
7311
8721
5950
28357
30643
22452
23554
63518
59773
15292
22481
42193
2685
23857
38965
10379
59220
55997
33949
29480
17799
61080
8166
19369
35386
215
34816
36997
20438
2107
24524
6275
30816
13080
37848
2433
15341
21103
43105
4545
48471
27926
40015
28746
31558
55863
23427
55615
51283
60810
64894
27423
10140
36387
2413
24870
51991
5683
49935
21271
57875
38730
18549
65155
28663
13689
28590
17367
17314
21043
19886
33792
20220
22538
19513
50217
1856
40375
65379
33080
6727
10245
30854
48159
40007
8513
49223
10200
47958
49911
50200
57895
63421
31489
29578
45503
41796
37240
3782
36398
12833
51200
65445
49133
53607
33490
31930
17364
17402
36687
26080
49400
45529
40916
15170
1466
40550
65368
42775
44104
55858
38407
45781
51094
63291
60916
22773
45265
39625
3408
16625
43775
24248
37919
39965
25017
38835
8216
30349
425
43920
18751
42534
45891
20493
6474
39513
53642
26005
23284
38460
6096
51651
27343
35174
63294
36225
13628
27216
9321
46717
3100
12306
14398
56600
58007
21799
51041
31099
35931
58783
37231
4190
30427
44066
49293
34920
7598
11741
54261
23419
37347
41805
58699
56343
29337
1955
32615
47729
53655
35431
44906
49314
37866
45942
43541
58260
56729
18368
16446
57097
43527
10889
53754
21561
48035
65138
49170
23592
39794
25000
46677
31999
26221
22502
13593
49605
35225
64354
31044
30253
62184
62088
51062
22452
19290
54028
45186
4251
65107
28319
10252
5318
31195
27224
49684
7451
28081
6260
5796
50259
54598
26507
47247
20088
57799
27356
5576
46068
5755
54816
23580
26321
31131
32105
29075
56636
48693
52485
47808
35675
30927
55141
8519
51634
57187
8299
28224
48764
37997
22692
37781
39271
23103
200
36072
34027
44734
44110
31425
28869
64996
41091
16270
29672
11421
29908
1154
48031
25997
40298
7153
31455
16968
3924
51370
17576
16683
52294
34396
27211
9002
21769
58817
50628
36827
30587
31512
54899
64655
15061
39904
60969
21429
48431
24135
47343
38885
39847
45851
5480
40965
55061
61715
1010
31962
62392
47421
58846
14064
30258
58049
46672
61712
12851
34731
39748
37210
16154
29296
30363
40063
58144
3759
20201
40428
2855
12194
51856
42668
4190
56432
52581
31683
18301
10538
64679
40274
40937
52520
58721
11522
55096
50727
60601
31572
56675
6262
49131
37860
867
57696
26634
51441
40311
32810
47435
65297
4700
54586
55521
44197
8486
41193
31759
38252
691
53668
31666
30449
47613
37889
11612
64680
21987
20213
9017
21440
31601
21609
34238
7681
12846
45168
12552
18879
6351
9741
27676
34887
9202
35911
29498
19260
9901
9828
52686
63400
15015
19771
24971
38550
45360
23618
28518
22575
27906
50319
52096
35025
31714
62808
3957
40887
22542
59487
63538
55689
44844
59927
37637
40209
62563
30949
24016
50296
212
5290
33020
242
12028
56611
24154
52608
6140
1257
24129
8332
51602
32504
35242
27477
14525
60853
48841
61003
40321
6053
64588
43737
14721
64478
61008
7136
17860
47545
61519
41009
25092
29811
64784
10214
5195
55255
51229
55607
42789
15042
55586
16412
22885
9627
58137
24740
62412
31641
26650
56677
36178
26456
37751
6483
58946
25289
14671
57396
65179
20536
52413
10939
32014
55116
5786
27123
34984
14426
53939
36711
48290
33578
34722
58356
29616
9489
57066
25369
53914
17942
21734
41552
12548
15469
16692
18609
1101
22054
35660
27630
34684
7901
24839
7936
53651
30562
41016
9195
57512
9393
15432
64955
9728
9134
15561
26736
47689
17352
20409
49485
36481
13771
33941
50369
60545
58936
10504
8793
31183
45125
24110
437
38927
15618
57509
40663
18445
48427
3582
46094
55298
43861
23301
34884
27518
21453
45556
41507
37604
22356
23541
43464
41860
59898
47156
57911
39156
61189
61136
34020
42112
43368
6201
60772
45752
17283
37144
49008
63120
28753
7760
54468
56512
21692
7201
38971
10484
15636
47744
15217
24789
4970
995
48172
17104
28596
131
806
64684
53559
37641
43343
51320
29903
24504
47952
45913
21004
59639
18261
63998
19250
63593
32007
45968
3807
40338
10005
43021
27894
17796
8177
7844
11750
39412
50956
8590
58226
62200
62356
1188
49376
51117
31963
5235
9514
14245
48816
59931
33359
6144
13676
43060
14822
10286
6109
37065
54925
60590
28768
50881
5567
2300
61867
51125
61581
43747
18370
28578
49795
38570
13811
64619
1279
46364
9521
44666
1917
49290
13071
58762
4712
11270
45234
47726
62384
31086
33819
51600
48561
2073
56659
58593
25643
41783
64024
9486
35407
48135
55494
28602
36454
43214
10339
21536
38650
56324
17671
17562
20325
26557
28083
28472
867
58838
30340
60898
44345
39876
16493
15761
58199
22999
42698
32926
2418
59180
53112
13187
8829
24011
22750
36152
34691
51107
39146
12124
48690
51067
51576
50682
57701
12820
1656
59809
47354
18881
32939
65047
64298
32575
42188
24461
15336
23729
4245
20073
15768
64433
48257
6347
59064
43379
47632
55345
37769
40172
50340
54107
64249
17588
17845
47147
15492
32700
39063
32620
43259
15536
31546
17613
60436
59687
25586
55262
47057
41392
18632
5104
9835
5666
34398
26476
27755
46365
53989
6944
47719
23354
30677
31032
12939
61870
32685
8203
833
38165
13391
62440
37166
44251
7649
14391
40299
51909
33468
21595
2123
20104
858
13406
55725
12805
44740
5955
33632
18610
3806
4947
60166
8186
30806
48841
24139
14089
8725
45792
5621
54218
36670
15187
22295
48354
19716
25771
14829
36817
59704
8871
65236
41947
15050
48264
22318
33698
22745
41185
53712
16723
36732
38471
32439
50478
10777
34386
337
13946
12074
27427
10306
42724
20189
13411
10321
18225
37861
60397
2563
41661
56843
41429
50212
4599
38084
40482
56413
58662
49929
64685
43033
39621
5903
50229
60591
10518
63711
32236
9839
26866
44347
49223
26493
50841
40588
26320
54091
42250
60606
24901
18890
47627
15849
38627
56537
31670
62815
21688
3270
25541
37959
10278
33728
52910
55387
40065
26001
63473
2818
35619
33122
40687
11958
39356
9129
56779
48393
34898
61050
11751
4831
18791
37693
5573
53046
51538
4068
20100
45333
42215
3506
56393
5452
27878
48969
43819
38151
22165
61292
58879
63395
1466
2609
9107
13979
37408
9027
37132
31260
14862
13670
3755
58252
25945
44790
35033
51513
32095
1982
20967
57637
761
1811
10652
60129
3714
34751
49952
5732
63038
19447
56558
38247
62945
25339
31340
54081
42027
39042
60805
59169
15096
21288
59864
20719
38744
3749
60430
1485
33895
52792
54813
5902
21282
35462
64297
45054
55529
54687
22102
25082
8113
39710
8769
61240
34544
28051
46239
32646
7824
12192
53606
24843
63503
18651
63994
3182
55271
23633
13729
3414
46960
33253
43863
4536
699
32114
2237
53955
24813
6821
11239
35487
5635
47813
56195
49357
12024
36816
46523
52750
38929
11144
23223
60145
58622
8552
47594
13843
64001
55870
6649
46098
37716
60098
50392
37498
31770
34459
47996
1188
23980
41781
8131
44970
21602
998
44259
62634
20453
48930
43985
55283
21005
30521
37570
22449
45148
40188
21373
35463
25828
25679
60530
43593
57500
56105
23482
3118
8658
2149
13967
42831
56860
65271
34294
32795
53117
39938
19974
51184
38259
49048
24850
56579
23645
52935
16247
12396
43589
15755
608
7815
62109
50816
36009
62290
30717
62447
54703
13854
40783
40215
59319
60484
7128
11260
20022
12493
28282
41109
42321
43985
50161
28196
31689
26179
29309
38590
26450
63750
21836
38627
33868
13469
12522
33082
26598
8176
7261
40057
60280
26308
27913
62209
163
46838
49028
17050
25003
21861
53866
5585
13297
57045
18364
45638
54658
59366
27279
7746
49899
37268
11484
50958
54275
4566
29463
62683
35213
3970
43198
3591
35819
49089
26996
20252
11135
57396
35054
58029
12024
60525
29169
41849
18430
11905
37249
39031
56194
44308
50093
25980
52752
51360
15235
22526
15715
47466
28401
64045
43283
25937
45315
21732
48486
36540
52439
9746
20531
39622
43382
62112
59469
32820
30584
36601
53580
8303
57401
54153
43437
53303
62548
57582
42380
7507
53767
12807
40454
48453
58036
55057
22037
41134
64844
43463
2776
5222
40501
40426
17257
61634
36490
58037
11639
56817
61069
59418
26824
2860
37446
533
27974
54306
3080
182
11625
22896
31054
36015
50067
31980
7195
9765
24121
22248
12796
11340
65144
6275
65061
38662
57138
8199
19796
41414
48841
14359
43627
30203
26854
61582
50745
15439
22028
26364
50548
8443
1066
15312
27770
36615
18296
36986
57455
41719
48676
50840
748
706
22273
60820
29996
8863
9703
30190
23704
40901
13293
40169
18046
4322
16513
63438
29438
1616
8380
18378
63649
385
44559
22184
41202
11623
42677
1135
48110
44294
23015
56872
6639
31838
8176
40656
24295
3394
4264
25461
5307
46106
27813
15278
378
34524
5582
20543
53076
29771
16419
40130
6697
17605
15194
2236
55714
11818
56710
17032
16959
7984
37831
13150
29959
13826
31156
23743
46523
5484
32458
25526
19749
12909
60047
63959
59023
17307
28755
30857
24257
46637
15053
39944
55889
60122
58052
44712
42769
27900
17306
57512
15018
56840
14414
60591
37246
43746
11020
31187
59186
5408
51609
34718
30446
31257
4623
63987
29155
50720
20117
48794
15679
12603
42533
52491
12813
51363
6271
16183
60457
62298
5960
5738
60093
32139
11249
10500
42840
38615
49243
55848
21693
2640
17281
148
42306
64684
57882
46007
37835
1101
60168
4225
50949
18789
17250
5770
57343
21277
63421
61455
8121
16719
25545
30634
7645
2809
30909
60889
46548
56316
60035
41472
35449
19950
53877
16801
15324
24350
22955
14290
54802
22770
171
19604
33084
37555
30841
39558
64853
15948
47663
54573
31835
2250
26357
47343
35906
48228
30400
6494
60808
18669
52426
9447
58445
56007
21725
58810
16035
57819
45729
16263
25041
16605
65123
15515
21051
49966
23261
46219
9269
48554
1516
55193
57754
13422
16444
6965
5338
32571
55005
60308
7936
19236
51414
17846
11635
65104
60634
45717
62727
61659
18913
8321
36805
30502
21235
14069
37016
43006
7679
52334
169
3979
12386
45869
12715
51528
2019
1483
34135
3473
50312
39686
37866
55826
11934
31891
33428
62289
32085
47938
34783
29065
11872
3401
32018
2988
61540
16197
64124
16780
10043
45945
54311
53948
38223
51665
26713
31376
48330
26997
53549
31296
50583
22826
54773
7202
25382
5932
40466
44496
35187
32559
9881
61627
24418
12095
3123
41581
14985
27405
193
18152
32200
42205
50592
55910
45314
551
5719
24082
44637
41817
21667
49283
21385
3113
33066
35739
17483
48629
16015
64434
37079
56732
25275
32260
60659
52878
26717
16132
49548
2015
59860
9858
55590
52345
21976
23397
12964
9474
52078
43896
45352
929
14244
3901
44221
62370
8361
49112
28250
33992
57648
4315
12489
7264
13454
54191
54353
5888
39153
44737
35209
38316
53545
38792
40033
29469
55493
52643
33867
50615
20428
48437
9932
55789
12929
56457
61045
25291
15043
21508
2422
7930
21907
9761
16956
52126
54234
4602
46554
54820
20454
48291
6525
5530
14681
10058
4717
52729
4641
23772
44665
5789
14874
38250
12690
26589
35995
5550
23682
19096
55626
51689
62417
45506
25068
26561
59194
48484
60966
6054
39481
6419
27966
25902
19809
48546
40474
5060
31273
46574
57944
2247
32786
13622
63235
52880
12275
4802
53993
48387
43434
15899
33039
6600
4753
3293
58539
50335
43486
47115
2883
63798
29120
1946
6883
26347
8101
40616
57879
53406
37387
23761
18862
39065
21716
51703
26410
41409
7019
36066
18225
61543
8989
8226
58432
20739
13830
15790
30661
12637
149
61511
53634
37094
29634
51998
63698
37712
48364
38273
15035
817
65133
20049
18562
5902
48583
25291
21775
60648
2574
5294
414
59098
35262
34511
61775
28827
57709
15145
47637
32992
7286
54978
43006
42878
23974
50501
41922
53146
27226
29865
30342
46228
29542
13681
33510
33219
26799
26592
62859
55854
40915
58539
56347
35344
6324
56675
5328
48211
16707
60225
757
45914
29978
54880
19228
50092
44060
53469
18127
37258
13550
55173
27021
20847
42782
43377
44896
28858
8479
53605
25460
18039
17838
65097
34190
27568
13209
25774
34936
37468
63061
7076
64187
10643
3867
17685
15656
61644
41683
37089
58009
60605
7752
48293
18882
13771
29180
59443
689
42667
48585
39904
12735
44934
24076
50564
14232
18883
5219
8299
21966
43941
48517
3281
41487
64573
44245
54994
49835
14494
34741
41606
53751
25655
57075
16262
36713
4449
43101
25917
44035
58113
40232
134
6372
36361
4911
34664
27420
22404
42999
44832
54820
58696
20326
20842
19941
24653
23509
23500
17577
17488
22324
55886
39320
36729
17872
60164
38359
46368
34918
35534
22710
29098
44164
29211
18870
49809
28974
11698
5325
29673
28419
59780
54182
62756
20794
21873
60460
33718
20327
19851
33567
49662
53379
4608
35914
31352
8625
5095
8640
38315
21408
33556
2659
18739
20525
55654
47105
44901
55117
10783
17526
36984
1536
53718
28925
59446
47474
8877
24573
63610
43717
26405
52688
59136
7253
23434
30831
38908
41474
352
9468
33511
26716
2035
13720
40239
17809
41136
45471
17092
59403
26401
56786
22280
32849
65273
36341
48427
64656
17072
38961
24109
62675
10500
55063
53369
9374
50819
33520
16932
35832
58744
57507
28383
38951
28997
39284
6969
1110
38136
32303
54767
59675
38080
3334
62930
53274
27997
31419
4366
30247
41124
45852
3140
36980
28695
53023
51700
27611
22371
46083
1692
62892
40369
40657
2236
63068
51839
26879
37389
12082
254
30807
19542
31863
29452
15079
35680
17218
3309
48870
36845
2731
34964
33173
24305
9443
49211
24387
51964
56786
37063
47415
31138
21543
64133
34866
18768
40607
24601
20443
61105
3050
32842
52396
16421
4691
28749
38091
9704
61678
27515
27811
47410
39607
29425
3066
14462
15030
40202
19818
17072
28001
27269
29534
29370
27508
35745
54653
59720
38105
9639
38466
54821
19848
11816
5349
8540
24544
8172
16537
27850
64107
13485
50361
42203
11325
37747
25866
65093
25667
35156
5822
13925
18184
9859
4812
62661
57672
28491
14966
33124
22121
52390
46445
2572
49614
38975
47133
16681
47959
14336
50508
53039
26996
3414
8274
44630
25965
26070
19120
3361
47996
19673
26904
27694
15010
53290
17224
65328
28168
5227
64120
24809
53889
16213
34860
29742
51346
48313
18607
57335
38463
62398
31596
26365
14457
31644
6859
9398
23186
41797
52245
39634
27928
63783
9834
9408
21161
56974
12710
26342
18222
24763
14866
64427
31407
27006
9204
38736
13513
16362
12160
35001
31781
27842
60677
31239
22719
33804
4802
47266
5608
13487
27905
12919
3597
27472
34600
52965
60128
14421
22104
59084
61465
15725
45221
14777
21371
49464
25855
38622
41201
43901
25079
45653
53167
40918
12186
46047
48142
10424
30339
50190
27430
29878
39195
28897
3360
33276
54852
34368
45236
25962
20510
17423
24745
7635
42954
48944
21136
61573
7547
15320
30312
24747
21673
7618
60765
37436
56476
61256
32544
25726
83
52290
21995
62608
1308
35865
65014
31344
62870
46146
20204
53855
60649
55414
30589
63471
8727
30982
18678
13212
14302
13221
64976
41693
13041
38537
36171
54507
7989
41865
17414
49449
63842
14654
11586
19977
58696
32749
4359
43150
33081
42184
3866
32065
1209
31863
9849
27994
42987
12899
46958
10271
14772
47234
43243
25633
6652
15833
669
52221
48043
50645
50167
43383
23322
51830
24772
58080
64393
20365
48437
54790
26038
33168
17077
16676
3011
47700
50181
16142
18799
64429
16810
22609
4258
10039
53232
44650
28105
5434
4780
49679
9996
47119
37676
15140
12008
42692
35773
19940
12474
48688
7603
10254
39272
50579
55139
47137
33311
36491
19976
1041
42313
49136
19856
49488
40385
4375
59896
9261
19382
15464
52019
1841
5022
24393
4063
30401
54476
8415
45087
33542
15402
17003
55745
14089
22491
51563
60006
103
42875
41622
42721
55377
29231
60934
48959
