18
3
8
-13
-5
-2
3
-13
4
-10
1
5
3
9
8
-5
2
-8
-11
7
0
0
7
5
3
10
7
2
-6
-5
10
-13
0
-16
8
7
0
-1
-20
5
-18
-19
1
-8
3
5
7
-6
4
1
7
4
7
-1
-1
8
-17
-4
-10
-3
5
7
-8
-4
1
-2
2
3
-7
-1
-17
9
-5
-10
-2
-11
0
-4
17
9
-20
4
-11
-2
1
6
-2
13
-4
3
5
1
7
3
-6
-14
15
-5
1
5
1
-7
-4
-1
12
-7
6
2
-2
-8
-2
-1
-12
2
-7
-1
3
-7
-2
3
-15
8
19
8
-3
3
-8
15
8
6
-7
3
-4
-2
-5
-8
-7
-2
-14
5
-1
6
2
4
-12
-8
-4
1
9
-2
10
4
9
1
-5
-12
1
7
-2
-4
-2
-9
-4
-1
0
-1
5
1
15
2
14
-6
4
-2
5
5
-17
-11
-12
3
12
-3
6
4
-8
3
-6
12
0
13
-3
5
-1
-16
-8
5
0
-9
-5
2
-8
8
-5
14
-9
2
-12
-6
-5
3
8
2
-3
7
6
1
5
3
-8
6
-5
-5
1
-2
-1
5
8
-2
3
-2
2
4
-5
2
5
1
14
-5
-6
-14
7
7
-1
7
1
2
1
4
1
22
-9
-15
-9
-9
-3
-1
